Error,Épocas,Clase
0.016142595573876182,0,Error train
0.01873587478413211,0,Error test
0.008533534313735347,20,Error train
0.010840804518819443,20,Error test
0.006583012133080495,40,Error train
0.00904490490947309,40,Error test
0.0060732217596840285,60,Error train
0.008619328422267713,60,Error test
0.006787806559156955,80,Error train
0.009620016919724384,80,Error test
0.006103633935072982,100,Error train
0.008562708907968767,100,Error test
0.006168874158962737,120,Error train
0.008541535594904318,120,Error test
0.008968415384297487,140,Error train
0.012123835011626892,140,Error test
0.0057607580000782485,160,Error train
0.008282613390364011,160,Error test
0.006127968286176594,180,Error train
0.008930898556243181,180,Error test
0.006434718683843218,200,Error train
0.00927973525135912,200,Error test
0.005806777929504598,220,Error train
0.008271227974288638,220,Error test
0.005704032876148962,240,Error train
0.008290699901271435,240,Error test
0.00573442142881537,260,Error train
0.008253791079111755,260,Error test
0.009724162607479738,280,Error train
0.011631844591165414,280,Error test
0.006074509795569813,300,Error train
0.008922804955877169,300,Error test
0.005675257009112686,320,Error train
0.008238576477082997,320,Error test
0.00567048510137311,340,Error train
0.008247642317365123,340,Error test
0.005667999633768655,360,Error train
0.008229500338531445,360,Error test
0.005745305665112352,380,Error train
0.008228723378169081,380,Error test
0.005583502317098323,400,Error train
0.0082625570793956,400,Error test
0.007981645173391096,420,Error train
0.010108828089517654,420,Error test
0.005634921413246654,440,Error train
0.008188423047282371,440,Error test
0.006682409844457498,460,Error train
0.00899706087778886,460,Error test
0.0070553261993751264,480,Error train
0.010205705329458852,480,Error test
0.005563651872263097,500,Error train
0.008140480925914446,500,Error test
0.005697750270988913,520,Error train
0.008199291037883768,520,Error test
0.007551908506758083,540,Error train
0.009730491217673184,540,Error test
0.008776580022013833,560,Error train
0.010815529977712724,560,Error test
0.009839145336729277,580,Error train
0.013131074443983542,580,Error test
0.007959803035774142,600,Error train
0.011076986722468077,600,Error test
0.005642625633056999,620,Error train
0.008411666925429459,620,Error test
0.0072760583791872755,640,Error train
0.01037400464209375,640,Error test
0.005715805750633405,660,Error train
0.008516530822931896,660,Error test
0.008350854299419926,680,Error train
0.01042276381160685,680,Error test
0.00558156799396179,700,Error train
0.008143557444414876,700,Error test
0.00636875161540941,720,Error train
0.008730367792791207,720,Error test
0.005605224197864912,740,Error train
0.008429386523387428,740,Error test
0.005550212741954788,760,Error train
0.008347459782344068,760,Error test
0.006334057008698716,780,Error train
0.00868010373274598,780,Error test
0.006123474390044315,800,Error train
0.008514878130543321,800,Error test
0.009668967476089009,820,Error train
0.011652624834059329,820,Error test
0.00566967002085568,840,Error train
0.008181419636082305,840,Error test
0.005934170689119184,860,Error train
0.00836856636159863,860,Error test
0.006577855084473807,880,Error train
0.00952512875334897,880,Error test
0.00555435712491694,900,Error train
0.008325045436436742,900,Error test
0.00539812512415586,920,Error train
0.00806529978174626,920,Error test
0.0054059148158682405,940,Error train
0.008053480406852082,940,Error test
0.005373880226297335,960,Error train
0.008056055878378592,960,Error test
0.00584920481104143,980,Error train
0.008348867557908798,980,Error test
0.0065009177825695475,1000,Error train
0.008870740669028062,1000,Error test
0.006441104393705437,1020,Error train
0.008807180339341697,1020,Error test
0.005727559415154026,1040,Error train
0.008226867828649394,1040,Error test
0.007490777606556396,1060,Error train
0.009710052889289132,1060,Error test
0.005424360880061372,1080,Error train
0.008030628388109253,1080,Error test
0.009085414848742018,1100,Error train
0.01112078458153788,1100,Error test
0.005404007768501722,1120,Error train
0.008032031368578045,1120,Error test
0.005735559829831984,1140,Error train
0.008566681706017475,1140,Error test
0.006371052628138682,1160,Error train
0.008701574149667447,1160,Error test
0.005416930169950527,1180,Error train
0.008011369104636176,1180,Error test
0.00629998281007082,1200,Error train
0.008620027589418187,1200,Error test
0.008812952028220362,1220,Error train
0.011970126746483251,1220,Error test
0.005652863903618034,1240,Error train
0.008112092189713996,1240,Error test
0.006349786845983174,1260,Error train
0.00866119997912209,1260,Error test
0.00556576676071456,1280,Error train
0.008247577582372876,1280,Error test
0.005553480474621305,1300,Error train
0.008024768643841058,1300,Error test
0.005660445715773789,1320,Error train
0.008090956753087901,1320,Error test
0.005858788524557114,1340,Error train
0.008638096030379998,1340,Error test
0.009849117640573208,1360,Error train
0.013065729755467433,1360,Error test
0.006715824938519142,1380,Error train
0.00894592958177137,1380,Error test
0.005901593853884405,1400,Error train
0.008279288530160413,1400,Error test
0.005399884630321924,1420,Error train
0.007992051392190695,1420,Error test
0.006541174252094499,1440,Error train
0.009444430318973929,1440,Error test
0.005519295756148349,1460,Error train
0.0082905822584207,1460,Error test
0.005539437469403378,1480,Error train
0.008387419279139417,1480,Error test
0.0063120594770389015,1500,Error train
0.009323941694167661,1500,Error test
0.00534154832649618,1520,Error train
0.007958982146545474,1520,Error test
0.005271864471338949,1540,Error train
0.007966165042864943,1540,Error test
0.005279406387580113,1560,Error train
0.008006939877213662,1560,Error test
0.005281015556367934,1580,Error train
0.007958527587049402,1580,Error test
0.0052882659964204526,1600,Error train
0.007953010915522377,1600,Error test
0.006206845474204504,1620,Error train
0.008580223270236666,1620,Error test
0.006217585399893784,1640,Error train
0.008584106188135508,1640,Error test
0.007414279679230044,1660,Error train
0.009609829001578744,1660,Error test
0.005294926119210192,1680,Error train
0.007950581647784331,1680,Error test
0.005403501341181924,1700,Error train
0.007983617799038929,1700,Error test
0.006057899908800102,1720,Error train
0.008459443575011511,1720,Error test
0.005698450023663517,1740,Error train
0.008171503243296355,1740,Error test
0.005473961037483975,1760,Error train
0.008003501486069677,1760,Error test
0.005364141710820534,1780,Error train
0.008028957764895556,1780,Error test
0.005442052688042898,1800,Error train
0.008149438388725254,1800,Error test
0.005423355001645249,1820,Error train
0.00810950076173291,1820,Error test
0.006348707487007143,1840,Error train
0.008651292751198442,1840,Error test
0.005493006565823389,1860,Error train
0.007986463471574695,1860,Error test
0.006104782083584751,1880,Error train
0.008466043069599808,1880,Error test
0.006543571182867444,1900,Error train
0.008867891880699292,1900,Error test
0.005610629102555523,1920,Error train
0.008071960067797552,1920,Error test
0.00537576074798904,1940,Error train
0.00802123462396603,1940,Error test
0.0065950594259892295,1960,Error train
0.008877725856597423,1960,Error test
0.005658661138612105,1980,Error train
0.00808434807185037,1980,Error test
0.0060082433305055855,2000,Error train
0.008382037408702112,2000,Error test
0.005332664847304745,2020,Error train
0.007910821051851773,2020,Error test
0.005334608516108982,2040,Error train
0.008032666719536103,2040,Error test
0.0054209506014655465,2060,Error train
0.007930818725900728,2060,Error test
0.009821763813278407,2080,Error train
0.011831099168219216,2080,Error test
0.005326727589019267,2100,Error train
0.008036960672281625,2100,Error test
0.006497422211165589,2120,Error train
0.0088242805806715,2120,Error test
0.005301613635020247,2140,Error train
0.007949201356533033,2140,Error test
0.0063026745375862015,2160,Error train
0.008634554095260847,2160,Error test
0.00539272031529428,2180,Error train
0.008118806326594381,2180,Error test
0.00526921514368139,2200,Error train
0.007903310087169895,2200,Error test
0.005679170732311554,2220,Error train
0.008139360489259463,2220,Error test
0.005398450153330165,2240,Error train
0.008101873450653007,2240,Error test
0.005418682421141031,2260,Error train
0.008167565869628055,2260,Error test
0.006725493549614682,2280,Error train
0.009010011761298757,2280,Error test
0.005809643816360115,2300,Error train
0.00822435178771889,2300,Error test
0.005319942424026383,2320,Error train
0.008017817187523731,2320,Error test
0.005401183143179126,2340,Error train
0.007952111079063474,2340,Error test
0.005361693371138175,2360,Error train
0.008135347154892916,2360,Error test
0.008326202912773658,2380,Error train
0.010476260859395884,2380,Error test
0.006338844308135233,2400,Error train
0.00868784523542207,2400,Error test
0.005398136410040769,2420,Error train
0.008158162345272155,2420,Error test
0.006195633186789413,2440,Error train
0.0085683581848818,2440,Error test
0.005563944926449666,2460,Error train
0.008409169222854783,2460,Error test
0.007339961018133203,2480,Error train
0.010398640393257559,2480,Error test
0.007152836183419414,2500,Error train
0.00942276589104615,2500,Error test
0.01014339077972634,2520,Error train
0.013412051427257859,2520,Error test
0.006402764597978956,2540,Error train
0.009350116930814322,2540,Error test
0.005873695583317522,2560,Error train
0.008301857716002104,2560,Error test
0.005270747298323406,2580,Error train
0.007889195322571369,2580,Error test
0.009167974700700519,2600,Error train
0.012352559689974747,2600,Error test
0.005331364569872257,2620,Error train
0.007897686757096964,2620,Error test
0.0059866997958269485,2640,Error train
0.008386627374626632,2640,Error test
0.006297399363459394,2660,Error train
0.008619142613051653,2660,Error test
0.005887987052291836,2680,Error train
0.008277919568041055,2680,Error test
0.01007353721093981,2700,Error train
0.013297824213746328,2700,Error test
0.005351742784577271,2720,Error train
0.007902088696844403,2720,Error test
0.008017892841608193,2740,Error train
0.010160673279385878,2740,Error test
0.006108387309769881,2760,Error train
0.00848591532430174,2760,Error test
0.005423405976928036,2780,Error train
0.007943688386910135,2780,Error test
0.005222051762664953,2800,Error train
0.007918454260252507,2800,Error test
0.005259935245387644,2820,Error train
0.00789078893542394,2820,Error test
0.006626065874759321,2840,Error train
0.00893411942547096,2840,Error test
0.0072035068283811295,2860,Error train
0.010199214520738367,2860,Error test
0.006380625221146795,2880,Error train
0.008698994293559472,2880,Error test
0.005250064657412918,2900,Error train
0.007888012372904329,2900,Error test
0.005340601133239577,2920,Error train
0.007911037672260951,2920,Error test
0.006359386001153548,2940,Error train
0.008713547162916748,2940,Error test
0.0064553483996756394,2960,Error train
0.009435336995055518,2960,Error test
0.006188053303270196,2980,Error train
0.00855450452273014,2980,Error test
0.005586785675416817,3000,Error train
0.00845064922369466,3000,Error test
0.005527922826003322,3020,Error train
0.008385027524836745,3020,Error test
0.005257338856615624,3040,Error train
0.007952848310158661,3040,Error test
0.0052262343457263995,3060,Error train
0.007873036893645645,3060,Error test
0.005691812148908956,3080,Error train
0.008520732248678444,3080,Error test
0.005288870007450453,3100,Error train
0.007871569833923248,3100,Error test
0.005617277742115798,3120,Error train
0.008072202045774465,3120,Error test
0.0055920474223814035,3140,Error train
0.008355984093816077,3140,Error test
0.005285291483996965,3160,Error train
0.007897795653061417,3160,Error test
0.0055896572434566754,3180,Error train
0.008337279842577792,3180,Error test
0.005356846999026115,3200,Error train
0.00807367871382574,3200,Error test
0.006570482199764054,3220,Error train
0.008878798299341028,3220,Error test
0.005392103712515089,3240,Error train
0.008099808046690478,3240,Error test
0.005635149358923399,3260,Error train
0.008061954808892335,3260,Error test
0.005892621986924857,3280,Error train
0.008256107246773309,3280,Error test
0.005849155137345381,3300,Error train
0.008641908015441641,3300,Error test
0.005364483528493403,3320,Error train
0.007890782984817659,3320,Error test
0.005254104075582098,3340,Error train
0.007940108787909461,3340,Error test
0.006063670881502193,3360,Error train
0.008443973394587072,3360,Error test
0.005542766350062319,3380,Error train
0.008352546410845494,3380,Error test
0.005915203400127643,3400,Error train
0.008813849535625057,3400,Error test
0.008752938900479823,3420,Error train
0.011928405834495049,3420,Error test
0.006078705614564006,3440,Error train
0.008938730599122233,3440,Error test
0.005307963312127014,3460,Error train
0.007940748240606362,3460,Error test
0.005311080123275614,3480,Error train
0.007868681672679022,3480,Error test
0.005328009047367684,3500,Error train
0.008064347137330837,3500,Error test
0.007338765171823864,3520,Error train
0.010393769378261582,3520,Error test
0.005765258240047942,3540,Error train
0.008645223214312476,3540,Error test
0.0055907327777912665,3560,Error train
0.008408198082852298,3560,Error test
0.005404028699804277,3580,Error train
0.007916641105303147,3580,Error test
0.0058513532709037345,3600,Error train
0.00827953288106473,3600,Error test
0.005322853030477562,3620,Error train
0.008101014970019102,3620,Error test
0.00809785561670119,3640,Error train
0.011269730725934754,3640,Error test
0.005918385270361157,3660,Error train
0.008783619917298254,3660,Error test
0.005587850500111857,3680,Error train
0.008423544480061964,3680,Error test
0.005640187374612736,3700,Error train
0.008432492879471785,3700,Error test
0.006538152114373432,3720,Error train
0.009496126250979493,3720,Error test
0.006763152811516559,3740,Error train
0.009682011608444988,3740,Error test
0.008106444153790252,3760,Error train
0.011181965056153641,3760,Error test
0.009930920536289783,3780,Error train
0.01317593292353783,3780,Error test
0.008052791971800276,3800,Error train
0.010206657707685356,3800,Error test
0.0052551072825847405,3820,Error train
0.007854976384229282,3820,Error test
0.005260187227682399,3840,Error train
0.007843512824761839,3840,Error test
0.00620479675886956,3860,Error train
0.009086698734317661,3860,Error test
0.00523178544759788,3880,Error train
0.007884751251393575,3880,Error test
0.005420242159307682,3900,Error train
0.008208000652664388,3900,Error test
0.0052208113030180634,3920,Error train
0.007934652405007892,3920,Error test
0.008880473381660387,3940,Error train
0.012104611935872613,3940,Error test
0.005772795191611653,3960,Error train
0.008223634859162398,3960,Error test
0.0055584302284919975,3980,Error train
0.008043426182719285,3980,Error test
0.005741712986971766,4000,Error train
0.008573805341703605,4000,Error test
0.006015844994545013,4020,Error train
0.008383767853036891,4020,Error test
0.005501238114987948,4040,Error train
0.008256675226726578,4040,Error test
0.00530510683658101,4060,Error train
0.007861646522546435,4060,Error test
0.005537821589506684,4080,Error train
0.008345782214968282,4080,Error test
0.005891767804916465,4100,Error train
0.00879106935580282,4100,Error test
0.0052891639597913865,4120,Error train
0.008033954308758756,4120,Error test
0.005291745133071035,4140,Error train
0.008006341630689473,4140,Error test
0.005613220095370004,4160,Error train
0.0080745939010989,4160,Error test
0.006569167161596092,4180,Error train
0.009521628035202578,4180,Error test
0.005803572934614958,4200,Error train
0.008228471184220444,4200,Error test
0.005224926331730327,4220,Error train
0.007895258267244215,4220,Error test
0.005324957338820759,4240,Error train
0.007872553102602518,4240,Error test
0.005266177281520183,4260,Error train
0.007855724421093009,4260,Error test
0.005271428033797658,4280,Error train
0.007842416943077338,4280,Error test
0.005269092582473779,4300,Error train
0.0079791432837153,4300,Error test
0.005474850616292716,4320,Error train
0.008232272513126793,4320,Error test
0.005873197588307255,4340,Error train
0.008293821185717422,4340,Error test
0.0053686426661305525,4360,Error train
0.007895443537786503,4360,Error test
0.007690946376736084,4380,Error train
0.009875870403062278,4380,Error test
0.005635463318224693,4400,Error train
0.008365755959413749,4400,Error test
0.009148116167050054,4420,Error train
0.011208650982425504,4420,Error test
0.005816408639552948,4440,Error train
0.008196026241716009,4440,Error test
0.005295791211449205,4460,Error train
0.007914637077661916,4460,Error test
0.006391062658358996,4480,Error train
0.008684986921771443,4480,Error test
0.005240066394967691,4500,Error train
0.007852857376603765,4500,Error test
0.006880374677853551,4520,Error train
0.009149477039786583,4520,Error test
0.007464732886984126,4540,Error train
0.01041443967920475,4540,Error test
0.005372051464739889,4560,Error train
0.007848581267022363,4560,Error test
0.005342083648634273,4580,Error train
0.007859646103384299,4580,Error test
0.006190425491457064,4600,Error train
0.008950086324745758,4600,Error test
0.007606640406498073,4620,Error train
0.009756693547488583,4620,Error test
0.005388821530056418,4640,Error train
0.007858651649446886,4640,Error test
0.00906000331431978,4660,Error train
0.012129576112214968,4660,Error test
0.005290157802491598,4680,Error train
0.007847125687792592,4680,Error test
0.005760899902083547,4700,Error train
0.008518642133886376,4700,Error test
0.005461351814485824,4720,Error train
0.007919267615768484,4720,Error test
0.005274602385099917,4740,Error train
0.007836337049178046,4740,Error test
0.006910059919030792,4760,Error train
0.009166767504762958,4760,Error test
0.005326123012617612,4780,Error train
0.00785459064993714,4780,Error test
0.006121300251399369,4800,Error train
0.00846788025522652,4800,Error test
0.005233449629099123,4820,Error train
0.007853093922622604,4820,Error test
0.005238742063077518,4840,Error train
0.007899586711595798,4840,Error test
0.0052925142199903895,4860,Error train
0.007918337250608708,4860,Error test
0.00868466791120144,4880,Error train
0.010758715049237642,4880,Error test
0.005248081283111614,4900,Error train
0.007853905076558872,4900,Error test
0.005492418295841773,4920,Error train
0.00794883306508905,4920,Error test
0.00524076119547949,4940,Error train
0.007827179522124134,4940,Error test
0.005227509570859299,4960,Error train
0.00782977721003743,4960,Error test
0.005286250254854123,4980,Error train
0.007890369634738324,4980,Error test
0.005287913963666971,5000,Error train
0.00791582413947691,5000,Error test
0.010184911456621627,5020,Error train
0.012166283338448117,5020,Error test
0.00552884846587672,5040,Error train
0.007986934447401353,5040,Error test
0.0053444099339914905,5060,Error train
0.00784371272585538,5060,Error test
0.0073707515080736535,5080,Error train
0.010355836761750578,5080,Error test
0.005281483575438218,5100,Error train
0.007826085676030976,5100,Error test
0.006210072616759788,5120,Error train
0.008534431858303191,5120,Error test
0.0055453215329547235,5140,Error train
0.00798314588101222,5140,Error test
0.006389898814715497,5160,Error train
0.009270995716590617,5160,Error test
0.006099274986121018,5180,Error train
0.008445199179435951,5180,Error test
0.005815407232751862,5200,Error train
0.008203066660984437,5200,Error test
0.008165331450255667,5220,Error train
0.011246036372932094,5220,Error test
0.005232693063674218,5240,Error train
0.007835484230876174,5240,Error test
0.0058868632917408875,5260,Error train
0.008711235251024544,5260,Error test
0.006763792836370547,5280,Error train
0.009777033026913984,5280,Error test
0.007158708977234206,5300,Error train
0.00943172476138204,5300,Error test
0.0052082728382481045,5320,Error train
0.007813628817338223,5320,Error test
0.00524796428836438,5340,Error train
0.007889136375059709,5340,Error test
0.006303112029014747,5360,Error train
0.009179503812856756,5360,Error test
0.005285464378223379,5380,Error train
0.00782207215795398,5380,Error test
0.006995799550059409,5400,Error train
0.009923022300296196,5400,Error test
0.00531147640856329,5420,Error train
0.00783264144990716,5420,Error test
0.006026009764986594,5440,Error train
0.008361125304570623,5440,Error test
0.005954835235633987,5460,Error train
0.008756002417044774,5460,Error test
0.006048984704637411,5480,Error train
0.008866652093457168,5480,Error test
0.0056320863147010305,5500,Error train
0.008044994731660446,5500,Error test
0.006496840909847638,5520,Error train
0.008775723279831065,5520,Error test
0.005243055429415086,5540,Error train
0.007841114733136534,5540,Error test
0.005354457643074617,5560,Error train
0.007851225604665078,5560,Error test
0.00527235194868732,5580,Error train
0.007815795508749966,5580,Error test
0.005229566595614011,5600,Error train
0.007884783666029564,5600,Error test
0.005631063575701296,5620,Error train
0.008059967128962495,5620,Error test
0.005633563816533646,5640,Error train
0.008380972455917853,5640,Error test
0.00542987763228197,5660,Error train
0.007899794908956257,5660,Error test
0.005252814874984936,5680,Error train
0.007865616190568163,5680,Error test
0.005966066613517961,5700,Error train
0.008310934177929738,5700,Error test
0.005939565561066806,5720,Error train
0.008296374552607207,5720,Error test
0.005296516590093214,5740,Error train
0.007825511158305647,5740,Error test
0.005699211247064791,5760,Error train
0.008526638696518648,5760,Error test
0.00529267295197651,5780,Error train
0.007838728439024983,5780,Error test
0.0052849385125700536,5800,Error train
0.007973412240619308,5800,Error test
0.0065802583352808095,5820,Error train
0.008888866078910866,5820,Error test
0.005176795131916099,5840,Error train
0.0078098272701163,5840,Error test
0.005218002645143947,5860,Error train
0.007811604279709333,5860,Error test
0.005402310088946118,5880,Error train
0.007911915208823192,5880,Error test
0.00679590442976864,5900,Error train
0.009778076560703074,5900,Error test
0.005397081989555629,5920,Error train
0.008094921371035391,5920,Error test
0.006656763314157518,5940,Error train
0.00892619489675177,5940,Error test
0.0054182429645940645,5960,Error train
0.008069564482768483,5960,Error test
0.005830536757908969,5980,Error train
0.008209686406586628,5980,Error test
0.005692979591568353,6000,Error train
0.008402336891577038,6000,Error test
0.0052588903185551315,6020,Error train
0.007857077900203074,6020,Error test
0.005507617034914557,6040,Error train
0.007946854498604411,6040,Error test
0.0066588028061824985,6060,Error train
0.008941339003174703,6060,Error test
0.005212206969336495,6080,Error train
0.00783542400096004,6080,Error test
0.006771748836430731,6100,Error train
0.00970356309402016,6100,Error test
0.005230295414358816,6120,Error train
0.00785358209475703,6120,Error test
0.008850249288548183,6140,Error train
0.011965018513885874,6140,Error test
0.00604196489878061,6160,Error train
0.00837613389035985,6160,Error test
0.005231372597878656,6180,Error train
0.007807573037550291,6180,Error test
0.006013303031350253,6200,Error train
0.00836308744549477,6200,Error test
0.0059892441493691944,6220,Error train
0.008336382194115958,6220,Error test
0.006760863761659763,6240,Error train
0.00969379458990262,6240,Error test
0.005211561573106317,6260,Error train
0.007807869795426517,6260,Error test
0.007886415028799061,6280,Error train
0.01005821721357279,6280,Error test
0.005514419730754553,6300,Error train
0.00797981517367085,6300,Error test
0.005879050049955342,6320,Error train
0.008723631041597088,6320,Error test
0.005999549465942089,6340,Error train
0.008387160280480964,6340,Error test
0.005310303756615649,6360,Error train
0.00783915421124159,6360,Error test
0.005435419819562585,6380,Error train
0.008146330962671497,6380,Error test
0.005777319770886929,6400,Error train
0.008182676658365355,6400,Error test
0.005600376932690908,6420,Error train
0.008343797109890845,6420,Error test
0.00859931818937906,6440,Error train
0.010717086626830004,6440,Error test
0.0062440037922462605,6460,Error train
0.008578875546622167,6460,Error test
0.006497179168755909,6480,Error train
0.008771277985674933,6480,Error test
0.006314740013778938,6500,Error train
0.008629380192034835,6500,Error test
0.005207227483704146,6520,Error train
0.007799689065954878,6520,Error test
0.005302061909994732,6540,Error train
0.007825085565599108,6540,Error test
0.005277487378814987,6560,Error train
0.007817197043006962,6560,Error test
0.005302133868901996,6580,Error train
0.007827157172080094,6580,Error test
0.005266304259528602,6600,Error train
0.007806611931739786,6600,Error test
0.005544982624140812,6620,Error train
0.008249312520669525,6620,Error test
0.005286221076859485,6640,Error train
0.007937479565882628,6640,Error test
0.005230559889723581,6660,Error train
0.007839987816868692,6660,Error test
0.005417636201316876,6680,Error train
0.007885784830681428,6680,Error test
0.005556498537518327,6700,Error train
0.00832868438299848,6700,Error test
0.005239523067048279,6720,Error train
0.007797028017035908,6720,Error test
0.006804533523372387,6740,Error train
0.009728788232261299,6740,Error test
0.005379357845105989,6760,Error train
0.00787046830667363,6760,Error test
0.00720292165787337,6780,Error train
0.009409160283670467,6780,Error test
0.005729870218997319,6800,Error train
0.008136048452058975,6800,Error test
0.007127233541763743,6820,Error train
0.009368213658605734,6820,Error test
0.007645552008784609,6840,Error train
0.010737137761659287,6840,Error test
0.005171918081775694,6860,Error train
0.007840334381684287,6860,Error test
0.008451826986999596,6880,Error train
0.010604160309190739,6880,Error test
0.005881163670553629,6900,Error train
0.008782670566743329,6900,Error test
0.006082394957240266,6920,Error train
0.008439329442082874,6920,Error test
0.005300100525365702,6940,Error train
0.007869361087008845,6940,Error test
0.005797795382092407,6960,Error train
0.00869386141299727,6960,Error test
0.005720717140588478,6980,Error train
0.008141470114117998,6980,Error test
0.005261186390386488,7000,Error train
0.00791442331871953,7000,Error test
0.005922330895261998,7020,Error train
0.00828097524715844,7020,Error test
0.005356063889020449,7040,Error train
0.007831970752474505,7040,Error test
0.006809794276181968,7060,Error train
0.009037369516584627,7060,Error test
0.005468320995752034,7080,Error train
0.0079345065883931,7080,Error test
0.005805734345927137,7100,Error train
0.008188755481069938,7100,Error test
0.005265348504012646,7120,Error train
0.007867268108586128,7120,Error test
0.005424967321042357,7140,Error train
0.007886876799503994,7140,Error test
0.005921567820369373,7160,Error train
0.008715027878404048,7160,Error test
0.005629566263099105,7180,Error train
0.00805005649592643,7180,Error test
0.00919496705140644,7200,Error train
0.012320937768937132,7200,Error test
0.005541241591382903,7220,Error train
0.007977529442089803,7220,Error test
0.005410541836153227,7240,Error train
0.00790514060254492,7240,Error test
0.005341741291089496,7260,Error train
0.008046279121841063,7260,Error test
0.00609208913003941,7280,Error train
0.008459419237075914,7280,Error test
0.0056345331273148095,7300,Error train
0.008071030262226957,7300,Error test
0.0052279702701591955,7320,Error train
0.007795401368925749,7320,Error test
0.008279429149803669,7340,Error train
0.01141298165010417,7340,Error test
0.007515482691133261,7360,Error train
0.009716340190442683,7360,Error test
0.005174685894391012,7380,Error train
0.007785024812030931,7380,Error test
0.005489818165142729,7400,Error train
0.00797337554265354,7400,Error test
0.0052125089510302895,7420,Error train
0.007791129332087494,7420,Error test
0.007342540846232206,7440,Error train
0.010385309288288439,7440,Error test
0.005164322696389762,7460,Error train
0.007791850199010712,7460,Error test
0.00577848173175002,7480,Error train
0.008193262376590108,7480,Error test
0.0052402859843554694,7500,Error train
0.007796214260810161,7500,Error test
0.006065567689931332,7520,Error train
0.008423557783630938,7520,Error test
0.0061369273893418005,7540,Error train
0.008493032937313471,7540,Error test
0.00543532599675763,7560,Error train
0.007908619353644928,7560,Error test
0.005199563274929102,7580,Error train
0.007796514238643764,7580,Error test
0.005978188465526683,7600,Error train
0.008341173014107498,7600,Error test
0.005532555162969042,7620,Error train
0.008304317528580154,7620,Error test
0.005345853895190189,7640,Error train
0.00784345006066064,7640,Error test
0.005334398692586121,7660,Error train
0.007843644179694654,7660,Error test
0.005361920252231956,7680,Error train
0.008107344646152892,7680,Error test
0.005517325953969953,7700,Error train
0.007976554228134468,7700,Error test
0.005718681818177939,7720,Error train
0.0085554376749383,7720,Error test
0.0063446988213024,7740,Error train
0.008695338068428198,7740,Error test
0.00514968835134346,7760,Error train
0.007842572652196615,7760,Error test
0.005895329814281724,7780,Error train
0.008301877530509833,7780,Error test
0.00514718037938911,7800,Error train
0.00781555294899064,7800,Error test
0.005156173129149155,7820,Error train
0.0077799452942540065,7820,Error test
0.0052073403678417176,7840,Error train
0.007906083331302667,7840,Error test
0.006609343617080828,7860,Error train
0.009534015050211073,7860,Error test
0.005328697092255507,7880,Error train
0.007836441404253864,7880,Error test
0.0053198161833046854,7900,Error train
0.007974929807110238,7900,Error test
0.00785838451671666,7920,Error train
0.009981294271622544,7920,Error test
0.007207297552869541,7940,Error train
0.010155597648423567,7940,Error test
0.005264754570316404,7960,Error train
0.007794478331326316,7960,Error test
0.005186336631339189,7980,Error train
0.007841619642233733,7980,Error test
0.006048258516662348,8000,Error train
0.008404274829704893,8000,Error test
0.006886439311694869,8020,Error train
0.009865442591023293,8020,Error test
0.005163265058470085,8040,Error train
0.007801184062006159,8040,Error test
0.005155381554035894,8060,Error train
0.007811068203355935,8060,Error test
0.006534070065022575,8080,Error train
0.008819556181556304,8080,Error test
0.006718822190141933,8100,Error train
0.008950607003963818,8100,Error test
0.007720980688780786,8120,Error train
0.01070240267002361,8120,Error test
0.005240283086413646,8140,Error train
0.007782252620569653,8140,Error test
0.005273875650605025,8160,Error train
0.007923424153793547,8160,Error test
0.005223883530769827,8180,Error train
0.007799688323682164,8180,Error test
0.005697663206291119,8200,Error train
0.008094685731725821,8200,Error test
0.005212410352609087,8220,Error train
0.00785626099472316,8220,Error test
0.005199558778451603,8240,Error train
0.007783287275401501,8240,Error test
0.005771285947891165,8260,Error train
0.008163440317540389,8260,Error test
0.005291532626525471,8280,Error train
0.007804221855493138,8280,Error test
0.006711886438950534,8300,Error train
0.008978283226787736,8300,Error test
0.006903572662978252,8320,Error train
0.009892853967369934,8320,Error test
0.005502321476591586,8340,Error train
0.007949104415646132,8340,Error test
0.005384795360895655,8360,Error train
0.007855860784238944,8360,Error test
0.005688325079635612,8380,Error train
0.008062860006777736,8380,Error test
0.005357620319106134,8400,Error train
0.007843718414179496,8400,Error test
0.009110127637406333,8420,Error train
0.012215025207178397,8420,Error test
0.005314653011793141,8440,Error train
0.007817755040136517,8440,Error test
0.005881389934803234,8460,Error train
0.00823970873714497,8460,Error test
0.00541622546188274,8480,Error train
0.007882389713387665,8480,Error test
0.005541978103960759,8500,Error train
0.007985624008705885,8500,Error test
0.006640201819846967,8520,Error train
0.008911675709462878,8520,Error test
0.0072010310626384995,8540,Error train
0.010185954386531724,8540,Error test
0.005431318727647845,8560,Error train
0.008209804413504362,8560,Error test
0.006391857688219918,8580,Error train
0.008706888633993848,8580,Error test
0.005238102970583781,8600,Error train
0.007789433576990176,8600,Error test
0.005824770182252784,8620,Error train
0.008202862105003874,8620,Error test
0.0051876776164169825,8640,Error train
0.00780764349719202,8640,Error test
0.006085472430987593,8660,Error train
0.008414669898680713,8660,Error test
0.005438221379048891,8680,Error train
0.00819506264559904,8680,Error test
0.005514324448772047,8700,Error train
0.00799579178341807,8700,Error test
0.005634813202361451,8720,Error train
0.008078127066678022,8720,Error test
0.00549453919184546,8740,Error train
0.007967335122646912,8740,Error test
0.007907524160059513,8760,Error train
0.010066468085068251,8760,Error test
0.007922418476457981,8780,Error train
0.01007231395544936,8780,Error test
0.00521214018681897,8800,Error train
0.007775792079667475,8800,Error test
0.006372931712118576,8820,Error train
0.00866517976258813,8820,Error test
0.005395649838883683,8840,Error train
0.00787159875106258,8840,Error test
0.005200940245231023,8860,Error train
0.007809036021908864,8860,Error test
0.005709028390029295,8880,Error train
0.008120162406614586,8880,Error test
0.005349479679265943,8900,Error train
0.00782699655229033,8900,Error test
0.005644559153469163,8920,Error train
0.008048594627978375,8920,Error test
0.0072295315445631315,8940,Error train
0.010190407491721237,8940,Error test
0.005399509190562253,8960,Error train
0.008069849278964304,8960,Error test
0.005954801198380703,8980,Error train
0.008291299483733593,8980,Error test
0.010261848179582091,9000,Error train
0.013404055551202844,9000,Error test
0.006165780783802603,9020,Error train
0.0090042878946565,9020,Error test
0.006571701224234294,9040,Error train
0.008833927727705315,9040,Error test
0.0052645762296439375,9060,Error train
0.007808089760808715,9060,Error test
0.00717927545600941,9080,Error train
0.009360642480815319,9080,Error test
0.005580986349169513,9100,Error train
0.008360531037184376,9100,Error test
0.005269056430934591,9120,Error train
0.007802239260561144,9120,Error test
0.006093890527514229,9140,Error train
0.00896121916268655,9140,Error test
0.005170268608956279,9160,Error train
0.007774171350105457,9160,Error test
0.005177410483450372,9180,Error train
0.007774766731154509,9180,Error test
0.006317003577951271,9200,Error train
0.009192392729948604,9200,Error test
0.00533166927465001,9220,Error train
0.007842777956128142,9220,Error test
0.005206898115629304,9240,Error train
0.0077772923969953636,9240,Error test
0.0054419671723518435,9260,Error train
0.00791843521093642,9260,Error test
0.006249385543313576,9280,Error train
0.008607831348736984,9280,Error test
0.005922591280569759,9300,Error train
0.008343863989038825,9300,Error test
0.005129333666203563,9320,Error train
0.00780656585804613,9320,Error test
0.00814751943033465,9340,Error train
0.011316953167489197,9340,Error test
0.007861617472540754,9360,Error train
0.01004541024308363,9360,Error test
0.008760610300525759,9380,Error train
0.01188666838293419,9380,Error test
0.0052407732562194,9400,Error train
0.007891174636131556,9400,Error test
0.005263184044698489,9420,Error train
0.0077994341700411834,9420,Error test
0.005209212295046417,9440,Error train
0.00781710070592967,9440,Error test
0.005551778944321959,9460,Error train
0.008279194704729828,9460,Error test
0.005273421227604626,9480,Error train
0.007909497281113426,9480,Error test
0.005229781688067753,9500,Error train
0.00786493510367765,9500,Error test
0.005215566152869649,9520,Error train
0.007827187149581354,9520,Error test
0.005224233160746757,9540,Error train
0.007780600336645224,9540,Error test
0.005733670882195313,9560,Error train
0.008518164490151007,9560,Error test
0.005256903555904727,9580,Error train
0.00790099691871857,9580,Error test
0.005222678951580291,9600,Error train
0.007817002016790725,9600,Error test
0.005531461743240511,9620,Error train
0.008231846553492213,9620,Error test
0.00526266212786661,9640,Error train
0.007805005569081755,9640,Error test
0.005961076293128491,9660,Error train
0.008294467244214137,9660,Error test
0.010606948445939004,9680,Error train
0.013833533975321638,9680,Error test
0.005239807315403341,9700,Error train
0.0077775057969253596,9700,Error test
0.005314323048840979,9720,Error train
0.007812148499660638,9720,Error test
0.006033583476784665,9740,Error train
0.008854087815949869,9740,Error test
0.006430071950647229,9760,Error train
0.008696589787927833,9760,Error test
0.005263490500480746,9780,Error train
0.007841973351606543,9780,Error test
0.007177400945178294,9800,Error train
0.009384165336281218,9800,Error test
0.005403568815549195,9820,Error train
0.007855105502692984,9820,Error test
0.005220979228686381,9840,Error train
0.00782146412515266,9840,Error test
0.006680683178344806,9860,Error train
0.008931439736692215,9860,Error test
0.005237655528317126,9880,Error train
0.007789244812638794,9880,Error test
0.0053346689964146755,9900,Error train
0.007799538251439073,9900,Error test
0.005722789076844884,9920,Error train
0.00807279878573696,9920,Error test
0.005247219096488571,9940,Error train
0.007777445467728625,9940,Error test
0.0052982484457552055,9960,Error train
0.007802754228181378,9960,Error test
0.00599714389968065,9980,Error train
0.00830356069082136,9980,Error test
0.0057462195205705705,10000,Error train
0.00814293475824201,10000,Error test
0.006678219337723839,10020,Error train
0.009583199918094936,10020,Error test
0.005193797554389598,10040,Error train
0.007801571248265415,10040,Error test
0.005376952207073467,10060,Error train
0.00811038816264158,10060,Error test
0.005834216513007443,10080,Error train
0.008223820645505864,10080,Error test
0.0062543965988083325,10100,Error train
0.008560982916849699,10100,Error test
0.00723061191346167,10120,Error train
0.00942111514435193,10120,Error test
0.005321625067912952,10140,Error train
0.00797927488025623,10140,Error test
0.005220947327424834,10160,Error train
0.0077933346778013245,10160,Error test
0.005203615015584976,10180,Error train
0.00777468099478113,10180,Error test
0.005860034920582327,10200,Error train
0.00867483751493392,10200,Error test
0.0053890875537711885,10220,Error train
0.00785626889109283,10220,Error test
0.005979523318768406,10240,Error train
0.008308769694445908,10240,Error test
0.005398655855870025,10260,Error train
0.008105020737754634,10260,Error test
0.005213020312996824,10280,Error train
0.007771010601170933,10280,Error test
0.005445206572845816,10300,Error train
0.00791514082027553,10300,Error test
0.006143112569347175,10320,Error train
0.009038239976234494,10320,Error test
0.005198965676529529,10340,Error train
0.0077711916619509465,10340,Error test
0.0055356204265884735,10360,Error train
0.008001884973462176,10360,Error test
0.00863767017118529,10380,Error train
0.01071847719905063,10380,Error test
0.005308334980738311,10400,Error train
0.007996223344399608,10400,Error test
0.010232752084738941,10420,Error train
0.013439042421328576,10420,Error test
0.0052675427375354685,10440,Error train
0.007789720192098801,10440,Error test
0.005223848108720495,10460,Error train
0.007771269341997634,10460,Error test
0.005326001003555814,10480,Error train
0.00784773622870532,10480,Error test
0.005369984992680045,10500,Error train
0.008127386331969848,10500,Error test
0.005347710987536402,10520,Error train
0.007860634117684184,10520,Error test
0.005907358286558023,10540,Error train
0.008289997896412174,10540,Error test
0.005236211613431967,10560,Error train
0.007790697949922514,10560,Error test
0.005957613991081459,10580,Error train
0.00880369308796374,10580,Error test
0.005680940104638989,10600,Error train
0.008092911729465333,10600,Error test
0.006488648016036684,10620,Error train
0.00878586927883662,10620,Error test
0.005206220689110216,10640,Error train
0.0077736031202624845,10640,Error test
0.009765202798409473,10660,Error train
0.012931880579812776,10660,Error test
0.0053896195149051,10680,Error train
0.007881536586723149,10680,Error test
0.005852529429932836,10700,Error train
0.00870883081396963,10700,Error test
0.005126503851501529,10720,Error train
0.007793092002857789,10720,Error test
0.0052944361179708774,10740,Error train
0.007842773129084907,10740,Error test
0.005130810279375008,10760,Error train
0.00777151381741041,10760,Error test
0.005925082620232959,10780,Error train
0.00889511635690989,10780,Error test
0.005313794113914829,10800,Error train
0.008100783268421657,10800,Error test
0.005771462978080128,10820,Error train
0.008617518422733337,10820,Error test
0.005467549525817882,10840,Error train
0.007928047112736997,10840,Error test
0.005171755575071962,10860,Error train
0.007884924761112898,10860,Error test
0.006183411868395739,10880,Error train
0.008525599307319864,10880,Error test
0.005175532216832575,10900,Error train
0.00781994136009767,10900,Error test
0.006675939260374304,10920,Error train
0.008975867168800685,10920,Error test
0.0052756552885836255,10940,Error train
0.007814037847079226,10940,Error test
0.005367074354310491,10960,Error train
0.008140276630228357,10960,Error test
0.005581758696504519,10980,Error train
0.00803394198202631,10980,Error test
0.008053338976910119,11000,Error train
0.011110779314496803,11000,Error test
0.005957831727757293,11020,Error train
0.008822997310545349,11020,Error test
0.005170215287054235,11040,Error train
0.007797251413460497,11040,Error test
0.005192038516825469,11060,Error train
0.0077730326784661435,11060,Error test
0.005164280059990693,11080,Error train
0.007808076514491298,11080,Error test
0.005177126277024839,11100,Error train
0.007769231909626363,11100,Error test
0.005506498875593429,11120,Error train
0.007947443984316361,11120,Error test
0.007793973675979506,11140,Error train
0.00994715720384274,11140,Error test
0.005308869672605129,11160,Error train
0.008012407086930034,11160,Error test
0.005600163094551187,11180,Error train
0.008361098709312096,11180,Error test
0.006692954609194543,11200,Error train
0.008956749745070693,11200,Error test
0.0052278210597633485,11220,Error train
0.0077750211955179595,11220,Error test
0.005312499460149781,11240,Error train
0.008024445456596065,11240,Error test
0.005202452270059843,11260,Error train
0.0077663183419432865,11260,Error test
0.005613034379738961,11280,Error train
0.0080249538326416,11280,Error test
0.005255670574253696,11300,Error train
0.007777695183226268,11300,Error test
0.0057228201593638155,11320,Error train
0.008109550612458669,11320,Error test
0.005486060361435819,11340,Error train
0.00790933063837897,11340,Error test
0.005389962875313606,11360,Error train
0.008110712627324521,11360,Error test
0.005619650550573498,11380,Error train
0.008429198112297764,11380,Error test
0.005376849896475236,11400,Error train
0.007865086842535167,11400,Error test
0.005195055576058262,11420,Error train
0.007896624776317333,11420,Error test
0.005458338621721107,11440,Error train
0.008268527278176636,11440,Error test
0.005293699751293765,11460,Error train
0.008013209741993599,11460,Error test
0.005189478634687919,11480,Error train
0.007892296625693114,11480,Error test
0.005683670248966135,11500,Error train
0.0081277472278564,11500,Error test
0.0056957479102631575,11520,Error train
0.008525244745349936,11520,Error test
0.008448387946081774,11540,Error train
0.011529037814445135,11540,Error test
0.005579198526415822,11560,Error train
0.008006432466252345,11560,Error test
0.005205181058695139,11580,Error train
0.007772447649287879,11580,Error test
0.006313462396412205,11600,Error train
0.009199386528776497,11600,Error test
0.007067269981753905,11620,Error train
0.01000810564708667,11620,Error test
0.005828570232789183,11640,Error train
0.00864580046297425,11640,Error test
0.005408817254967127,11660,Error train
0.007858167594696147,11660,Error test
0.006365657329180295,11680,Error train
0.009220727388122817,11680,Error test
0.0063543211962966036,11700,Error train
0.00862623121688204,11700,Error test
0.005801561210323112,11720,Error train
0.008582721102590672,11720,Error test
0.005189615494478947,11740,Error train
0.007805512009751815,11740,Error test
0.005357397225822818,11760,Error train
0.007845762495266011,11760,Error test
0.005199882374735283,11780,Error train
0.007794249212123783,11780,Error test
0.005243161561581084,11800,Error train
0.00785827152500581,11800,Error test
0.005204105626197437,11820,Error train
0.007772437310341493,11820,Error test
0.005986168989244506,11840,Error train
0.008790270241461862,11840,Error test
0.005482659856259033,11860,Error train
0.007906974625650222,11860,Error test
0.006520796079325625,11880,Error train
0.009416917673605562,11880,Error test
0.005679321099962411,11900,Error train
0.00849737602667016,11900,Error test
0.0054261362774341475,11920,Error train
0.00816082671919861,11920,Error test
0.009287796898376223,11940,Error train
0.012418351499021436,11940,Error test
0.0054897633938088145,11960,Error train
0.007918213267238763,11960,Error test
0.005328340244561685,11980,Error train
0.008008223840158686,11980,Error test
0.005254020071248971,12000,Error train
0.007778607091178855,12000,Error test
0.006014625479762114,12020,Error train
0.008368146637167811,12020,Error test
0.00534060389175904,12040,Error train
0.008085850810422075,12040,Error test
0.005262014896103015,12060,Error train
0.007798427074190939,12060,Error test
0.005237806264760039,12080,Error train
0.007941264303657849,12080,Error test
0.005755143605919201,12100,Error train
0.008199873042904851,12100,Error test
0.005787889478488823,12120,Error train
0.008219656258437767,12120,Error test
0.005294952979478085,12140,Error train
0.008110407501346497,12140,Error test
0.005566168411943629,12160,Error train
0.008415873112210284,12160,Error test
0.005178106888906694,12180,Error train
0.007801495969540297,12180,Error test
0.005195944006526162,12200,Error train
0.007868780716997956,12200,Error test
0.0065463574755822785,12220,Error train
0.009481245969881397,12220,Error test
0.00593745106789362,12240,Error train
0.008307403653230929,12240,Error test
0.00556613701739574,12260,Error train
0.008009947367719107,12260,Error test
0.006673868298113327,12280,Error train
0.008945117422947353,12280,Error test
0.005346841537286271,12300,Error train
0.007836102459961549,12300,Error test
0.005353542182627103,12320,Error train
0.007848238874008973,12320,Error test
0.005304736457896827,12340,Error train
0.007998423945714782,12340,Error test
0.007861339142219403,12360,Error train
0.009982121081374962,12360,Error test
0.0064748126022741844,12380,Error train
0.008737706518175183,12380,Error test
0.005428779011003763,12400,Error train
0.008172875365924393,12400,Error test
0.005195956234432423,12420,Error train
0.007842982786799152,12420,Error test
0.0051586644474275545,12440,Error train
0.0077669103386330445,12440,Error test
0.005667432180519916,12460,Error train
0.008074302361236576,12460,Error test
0.005265294994300707,12480,Error train
0.007963493019858095,12480,Error test
0.005851816577378754,12500,Error train
0.00822183062613577,12500,Error test
0.005241911910864338,12520,Error train
0.0077621232903886915,12520,Error test
0.005223504337538127,12540,Error train
0.007885835057425667,12540,Error test
0.005428733822247997,12560,Error train
0.0081976426016116,12560,Error test
0.005681776315900266,12580,Error train
0.008104892215598604,12580,Error test
0.006615891119321413,12600,Error train
0.00952371670803406,12600,Error test
0.005605878719945811,12620,Error train
0.008010650074656166,12620,Error test
0.005388199951442304,12640,Error train
0.007844251109707366,12640,Error test
0.0055278924505393606,12660,Error train
0.00825301687930029,12660,Error test
0.0052279575881084,12680,Error train
0.007783455502312727,12680,Error test
0.006427397560134269,12700,Error train
0.00924715065423403,12700,Error test
0.0052686583058043305,12720,Error train
0.00776544883188223,12720,Error test
0.005382961267345974,12740,Error train
0.007821719268288169,12740,Error test
0.00907194768525277,12760,Error train
0.011098538813956827,12760,Error test
0.005199865751870817,12780,Error train
0.007755214185040684,12780,Error test
0.005555754042329484,12800,Error train
0.008332980669905414,12800,Error test
0.005611212345885569,12820,Error train
0.008013809361642489,12820,Error test
0.005318154820476597,12840,Error train
0.007806265915040291,12840,Error test
0.005393790187484713,12860,Error train
0.007853494467724549,12860,Error test
0.005403815651324719,12880,Error train
0.008110664251806794,12880,Error test
0.005282147368557537,12900,Error train
0.007785791636335359,12900,Error test
0.005188232785722479,12920,Error train
0.007830633029110717,12920,Error test
0.005200122947611027,12940,Error train
0.007849116129119428,12940,Error test
0.009229409000845993,12960,Error train
0.012335010426445797,12960,Error test
0.005813998084028849,12980,Error train
0.008602798980939944,12980,Error test
0.005188410397250074,13000,Error train
0.007756563224493767,13000,Error test
0.006143231309095432,13020,Error train
0.008492830296450666,13020,Error test
0.005430171872434235,13040,Error train
0.008209276295169477,13040,Error test
0.005315577745145309,13060,Error train
0.008067739912867447,13060,Error test
0.011159220328636065,13080,Error train
0.014467345965965005,13080,Error test
0.0071223526473668634,13100,Error train
0.010118482403370115,13100,Error test
0.0053983467762953,13120,Error train
0.007860311547075234,13120,Error test
0.005612319402652405,13140,Error train
0.008417417306069775,13140,Error test
0.005338069372224791,13160,Error train
0.007839846250141235,13160,Error test
0.005179658905569969,13180,Error train
0.007872585159071122,13180,Error test
0.005608354846121466,13200,Error train
0.008051973064507964,13200,Error test
0.005669440880279458,13220,Error train
0.008102542052578708,13220,Error test
0.005153382058367248,13240,Error train
0.007793267469298759,13240,Error test
0.00520968487770642,13260,Error train
0.007858042006642304,13260,Error test
0.005696237595104394,13280,Error train
0.00808229827826979,13280,Error test
0.005284877710999228,13300,Error train
0.007966318754632933,13300,Error test
0.005290291166797625,13320,Error train
0.007790593266399491,13320,Error test
0.005151037006966101,13340,Error train
0.007752195671034906,13340,Error test
0.006090049372076598,13360,Error train
0.008986862030355614,13360,Error test
0.0058833134805866836,13380,Error train
0.008274810124980525,13380,Error test
0.005540624940468572,13400,Error train
0.008367749407558403,13400,Error test
0.005145441594271101,13420,Error train
0.007760574146738889,13420,Error test
0.006586664873940367,13440,Error train
0.00886818977267891,13440,Error test
0.005328905422565022,13460,Error train
0.007834092934835871,13460,Error test
0.005694408987444982,13480,Error train
0.008102934200382461,13480,Error test
0.005159155605948792,13500,Error train
0.007753535821892416,13500,Error test
0.005183454425737212,13520,Error train
0.00775131557492824,13520,Error test
0.005873605611841109,13540,Error train
0.008687680100898971,13540,Error test
0.006046452241979896,13560,Error train
0.008886631986933676,13560,Error test
0.005164747827332375,13580,Error train
0.007747781619777936,13580,Error test
0.006837491745335434,13600,Error train
0.00909364912051201,13600,Error test
0.005239827097436601,13620,Error train
0.0077747242554087785,13620,Error test
0.005283649698882455,13640,Error train
0.008020006537624304,13640,Error test
0.0052851531581700455,13660,Error train
0.007797654839288509,13660,Error test
0.005355403017592117,13680,Error train
0.007820448427577703,13680,Error test
0.006872521624621577,13700,Error train
0.009107272723860756,13700,Error test
0.005217890049875014,13720,Error train
0.0077554965888672845,13720,Error test
0.005796373371964263,13740,Error train
0.008163789074481414,13740,Error test
0.005575117779638774,13760,Error train
0.007956066880119244,13760,Error test
0.00810242404186518,13780,Error train
0.010201623460154461,13780,Error test
0.005629601231017263,13800,Error train
0.008018474174288892,13800,Error test
0.005343095261087387,13820,Error train
0.007818881373363755,13820,Error test
0.0052099825909872255,13840,Error train
0.007885060380003268,13840,Error test
0.0066494866289791565,13860,Error train
0.008924258980774423,13860,Error test
0.0061274694978707975,13880,Error train
0.008473669282625053,13880,Error test
0.0063947666178679596,13900,Error train
0.009291474751197654,13900,Error test
0.005588307872608147,13920,Error train
0.008009368896815512,13920,Error test
0.005150578116056276,13940,Error train
0.007761407035627878,13940,Error test
0.005207819766069862,13960,Error train
0.007751166218212439,13960,Error test
0.005469174085994016,13980,Error train
0.00819319721582846,13980,Error test
0.006423225993818582,14000,Error train
0.008702745641788348,14000,Error test
0.005190326507726688,14020,Error train
0.007748879091136059,14020,Error test
0.005505770153527723,14040,Error train
0.007916050610272504,14040,Error test
0.005381373619784609,14060,Error train
0.007833065395780762,14060,Error test
0.00537100604807231,14080,Error train
0.007834775326587554,14080,Error test
0.00560354809864599,14100,Error train
0.008020782034065449,14100,Error test
0.005831921503440137,14120,Error train
0.008212625344826504,14120,Error test
0.009442203482104856,14140,Error train
0.01146594844873739,14140,Error test
0.005247591189929215,14160,Error train
0.007771283213077032,14160,Error test
0.0062546844776931645,14180,Error train
0.008599709749356761,14180,Error test
0.006039979089741177,14200,Error train
0.008370256001271476,14200,Error test
0.00533363505890964,14220,Error train
0.008031692882335422,14220,Error test
0.0061339900441463955,14240,Error train
0.009008161071983625,14240,Error test
0.005535963907649877,14260,Error train
0.007956378003020705,14260,Error test
0.005383417761548077,14280,Error train
0.007856776384484045,14280,Error test
0.00538919950616583,14300,Error train
0.0078523495703756,14300,Error test
0.006161936391805205,14320,Error train
0.008512309652133102,14320,Error test
0.005174785136122998,14340,Error train
0.00774786892027849,14340,Error test
0.00522413130306318,14360,Error train
0.007752127835795103,14360,Error test
0.005651020636110563,14380,Error train
0.008029640229620327,14380,Error test
0.005224809285746805,14400,Error train
0.007873388443662175,14400,Error test
0.005563006612036605,14420,Error train
0.008011766951364473,14420,Error test
0.0070672628024041695,14440,Error train
0.009308481874215364,14440,Error test
0.005789552014826694,14460,Error train
0.008202754744103744,14460,Error test
0.005185364812739604,14480,Error train
0.007872766034216019,14480,Error test
0.005518470876593141,14500,Error train
0.008245766455263991,14500,Error test
0.005524094455647324,14520,Error train
0.007934079804165464,14520,Error test
0.006263112679920919,14540,Error train
0.008550799633550208,14540,Error test
0.005296501899686044,14560,Error train
0.007772289808528391,14560,Error test
0.005461657008464369,14580,Error train
0.008178460080069314,14580,Error test
0.005228250405773644,14600,Error train
0.0077556149208427815,14600,Error test
0.005173740354890862,14620,Error train
0.0077611850202024225,14620,Error test
0.005357405012928806,14640,Error train
0.008079162859685804,14640,Error test
0.005187301079132297,14660,Error train
0.007752588716894397,14660,Error test
0.006720286425940087,14680,Error train
0.008993149175851606,14680,Error test
0.005535958288445287,14700,Error train
0.007977517079060775,14700,Error test
0.005332590741982186,14720,Error train
0.007837820131875981,14720,Error test
0.005294913817148749,14740,Error train
0.008019914242064994,14740,Error test
0.006783670265913179,14760,Error train
0.009778933430139346,14760,Error test
0.0053937021745187426,14780,Error train
0.007870860126741739,14780,Error test
0.007770346094521994,14800,Error train
0.010823379832674096,14800,Error test
0.005866445231758104,14820,Error train
0.008707867767081665,14820,Error test
0.006999760472115481,14840,Error train
0.009227611770510707,14840,Error test
0.006099461861489019,14860,Error train
0.00900504100900353,14860,Error test
0.005164539487996488,14880,Error train
0.0077482591846819255,14880,Error test
0.006713420739889322,14900,Error train
0.009700367267457896,14900,Error test
0.008131970517944386,14920,Error train
0.01124763999723034,14920,Error test
0.005228133434995763,14940,Error train
0.007943032587997261,14940,Error test
0.005179143836547164,14960,Error train
0.007742415111937406,14960,Error test
0.0063091834777363005,14980,Error train
0.008604655462908952,14980,Error test
0.006254506918523481,15000,Error train
0.008563862503555775,15000,Error test
0.00519752592834025,15020,Error train
0.007851168270632593,15020,Error test
0.005587323801260801,15040,Error train
0.008369674695402809,15040,Error test
0.0065178576017597325,15060,Error train
0.009448487105303525,15060,Error test
0.005508279116725739,15080,Error train
0.0079716712242585,15080,Error test
0.007726719347056704,15100,Error train
0.010822653242674167,15100,Error test
0.005703862363260398,15120,Error train
0.008133651717826478,15120,Error test
0.005219171442535387,15140,Error train
0.007928015770532284,15140,Error test
0.005141362213250563,15160,Error train
0.007769647956610255,15160,Error test
0.0059767253573691625,15180,Error train
0.008328837676933263,15180,Error test
0.005261526134429446,15200,Error train
0.0077673394502242405,15200,Error test
0.005217225797963459,15220,Error train
0.007745856384639599,15220,Error test
0.00520574971127186,15240,Error train
0.007757325131385723,15240,Error test
0.005933170798824268,15260,Error train
0.008277904736072816,15260,Error test
0.0051669967395416285,15280,Error train
0.007815560109244226,15280,Error test
0.0064175030210908935,15300,Error train
0.009316827886468334,15300,Error test
0.01139554093081094,15320,Error train
0.014604488065730347,15320,Error test
0.005213514058291244,15340,Error train
0.00774912592548596,15340,Error test
0.005507897009799585,15360,Error train
0.00822127580979637,15360,Error test
0.005214094924434037,15380,Error train
0.007748038323733699,15380,Error test
0.005464763885852682,15400,Error train
0.008209306019748848,15400,Error test
0.00616381094523106,15420,Error train
0.008491109507954913,15420,Error test
0.00521670649508065,15440,Error train
0.00775147764641841,15440,Error test
0.005474958427266372,15460,Error train
0.007932026106082981,15460,Error test
0.0065811613231202765,15480,Error train
0.008853763000019717,15480,Error test
0.005517569368936332,15500,Error train
0.00795789113868539,15500,Error test
0.005176456210063507,15520,Error train
0.007800813369180615,15520,Error test
0.005332549738950472,15540,Error train
0.007828552916543724,15540,Error test
0.0053449636940025675,15560,Error train
0.0080641607039568,15560,Error test
0.005190148447783421,15580,Error train
0.007761757841411874,15580,Error test
0.005220483590656275,15600,Error train
0.007753719694576357,15600,Error test
0.005444739388873968,15620,Error train
0.007874058424552882,15620,Error test
0.005358876318667252,15640,Error train
0.00806205853220983,15640,Error test
0.005171905661442592,15660,Error train
0.007764443543371989,15660,Error test
0.005225085176888602,15680,Error train
0.007751649659942853,15680,Error test
0.005198987386624339,15700,Error train
0.007752200263931545,15700,Error test
0.006752435448083168,15720,Error train
0.00969090736786543,15720,Error test
0.005608783470572518,15740,Error train
0.008339790484458045,15740,Error test
0.006315262077625034,15760,Error train
0.00909021099589807,15760,Error test
0.0054942819354218495,15780,Error train
0.008137427513097793,15780,Error test
0.005517303487139877,15800,Error train
0.00822052038825964,15800,Error test
0.005322754331971674,15820,Error train
0.007806271419190182,15820,Error test
0.005359453803964478,15840,Error train
0.008049114629618777,15840,Error test
0.005272683272835808,15860,Error train
0.007930352430264343,15860,Error test
0.007200172179777262,15880,Error train
0.009381941236111104,15880,Error test
0.005172081864919942,15900,Error train
0.007748714910512574,15900,Error test
0.005907064603992773,15920,Error train
0.008263550962248511,15920,Error test
0.0051739746246252495,15940,Error train
0.007767374139246809,15940,Error test
0.005260239424958968,15960,Error train
0.007764072489339532,15960,Error test
0.006112303939507807,15980,Error train
0.008420143256218706,15980,Error test
0.005218905215185918,16000,Error train
0.007747219650091473,16000,Error test
0.006687469209980687,16020,Error train
0.009580327298588018,16020,Error test
0.006031086774614798,16040,Error train
0.008363070924083473,16040,Error test
0.006041856289485482,16060,Error train
0.00837243642061857,16060,Error test
0.006546290492177633,16080,Error train
0.008795215340076826,16080,Error test
0.0051971505244690595,16100,Error train
0.007772682836483792,16100,Error test
0.00722035533821029,16120,Error train
0.009389672793437371,16120,Error test
0.006690144702019011,16140,Error train
0.008908329302156627,16140,Error test
0.0055679490840681726,16160,Error train
0.008285567402556588,16160,Error test
0.0056707277588190115,16180,Error train
0.00804770698165121,16180,Error test
0.006282810448590842,16200,Error train
0.008553186571445224,16200,Error test
0.0055360451097851765,16220,Error train
0.007932329708196796,16220,Error test
0.005807158606559355,16240,Error train
0.008183922256807367,16240,Error test
0.005420981463701157,16260,Error train
0.007879811916151242,16260,Error test
0.006020835292137192,16280,Error train
0.008376008149117587,16280,Error test
0.00726741501620996,16300,Error train
0.009486235707265566,16300,Error test
0.0051195261808473285,16320,Error train
0.0077671127060043,16320,Error test
0.00518394991819569,16340,Error train
0.007739438937884891,16340,Error test
0.005452367401091955,16360,Error train
0.007897498770997062,16360,Error test
0.006770479784939007,16380,Error train
0.009019529547264848,16380,Error test
0.006413938162721231,16400,Error train
0.008710817286933459,16400,Error test
0.005978210363713086,16420,Error train
0.00834778619487934,16420,Error test
0.005628439131145016,16440,Error train
0.008430868840268037,16440,Error test
0.0056007917396193605,16460,Error train
0.008011333013950182,16460,Error test
0.005180643133998211,16480,Error train
0.007829837092735256,16480,Error test
0.005134545437944146,16500,Error train
0.007824770130359315,16500,Error test
0.0050969790492672445,16520,Error train
0.007741998517899743,16520,Error test
0.005250297805738491,16540,Error train
0.0077981416281859995,16540,Error test
0.005768890748520401,16560,Error train
0.00817926411340601,16560,Error test
0.005213428705417744,16580,Error train
0.007749879647815489,16580,Error test
0.005142747102147991,16600,Error train
0.007749430777609962,16600,Error test
0.006828572049267641,16620,Error train
0.00974379799724515,16620,Error test
0.0054619722623270375,16640,Error train
0.007885664236863356,16640,Error test
0.005200107612163046,16660,Error train
0.007739356204230657,16660,Error test
0.005167580485222086,16680,Error train
0.007750172859912386,16680,Error test
0.005636205029974581,16700,Error train
0.008045443515736297,16700,Error test
0.005715752078304304,16720,Error train
0.008103280809247097,16720,Error test
0.005488352707646316,16740,Error train
0.008275510160520095,16740,Error test
0.007558554603678217,16760,Error train
0.009713325072321293,16760,Error test
0.005532917307980779,16780,Error train
0.008293641037912379,16780,Error test
0.005216099113488411,16800,Error train
0.007741011137698475,16800,Error test
0.005406980887083594,16820,Error train
0.00812889529310294,16820,Error test
0.008085998542344049,16840,Error train
0.010208203279611826,16840,Error test
0.007293789306824571,16860,Error train
0.010280403617437555,16860,Error test
0.005145762981348216,16880,Error train
0.00774217665041399,16880,Error test
0.005311946565961195,16900,Error train
0.0078070305063190504,16900,Error test
0.005299137771110668,16920,Error train
0.007800852972304679,16920,Error test
0.00511015126761092,16940,Error train
0.00777829368360476,16940,Error test
0.005215616562656724,16960,Error train
0.007771947548874494,16960,Error test
0.005490791014855792,16980,Error train
0.008307401748776096,16980,Error test
0.005634522113411919,17000,Error train
0.008073142657651432,17000,Error test
0.005175531883986746,17020,Error train
0.00782542959392772,17020,Error test
0.005136796389156746,17040,Error train
0.0077606396583304585,17040,Error test
0.005245780173148869,17060,Error train
0.007954823994289944,17060,Error test
0.005650207440357665,17080,Error train
0.008445089456693602,17080,Error test
0.006984314622753078,17100,Error train
0.009217146299781322,17100,Error test
0.005522326499643012,17120,Error train
0.008303707313185055,17120,Error test
0.006231075525228977,17140,Error train
0.009166915889961533,17140,Error test
0.0065415289146866,17160,Error train
0.00951352487182251,17160,Error test
0.005236914102243141,17180,Error train
0.007770777939611705,17180,Error test
0.006386123965355312,17200,Error train
0.008682659943781262,17200,Error test
0.005773538335506504,17220,Error train
0.008146100060663434,17220,Error test
0.005196631228654109,17240,Error train
0.007758035344248798,17240,Error test
0.006167757154110842,17260,Error train
0.008995701212861971,17260,Error test
0.005201519961006838,17280,Error train
0.007770943259665816,17280,Error test
0.005228103455390796,17300,Error train
0.007863475189902928,17300,Error test
0.005343419404496795,17320,Error train
0.007845428130414566,17320,Error test
0.005248191204460286,17340,Error train
0.007940881655216541,17340,Error test
0.005266039983896019,17360,Error train
0.007775513600840828,17360,Error test
0.005241710809349544,17380,Error train
0.007903581752000677,17380,Error test
0.005900587771530332,17400,Error train
0.008733835059370204,17400,Error test
0.005501154402384184,17420,Error train
0.007945863857087447,17420,Error test
0.005912549538722766,17440,Error train
0.008278929316867743,17440,Error test
0.005581695561940525,17460,Error train
0.00837384820289323,17460,Error test
0.005311733382584348,17480,Error train
0.007802923097902265,17480,Error test
0.005409042512460005,17500,Error train
0.007835268875380474,17500,Error test
0.005971841185653705,17520,Error train
0.008769885062152255,17520,Error test
0.005271950566693341,17540,Error train
0.00777267293586025,17540,Error test
0.008226222572444326,17560,Error train
0.010337499807502445,17560,Error test
0.005664056005603253,17580,Error train
0.008053495662607874,17580,Error test
0.005177967234319316,17600,Error train
0.007734977061803446,17600,Error test
0.0056271848238269384,17620,Error train
0.008032641529926497,17620,Error test
0.005167499721435632,17640,Error train
0.007733310659678456,17640,Error test
0.006386933393822547,17660,Error train
0.008664112267187678,17660,Error test
0.005351240833874902,17680,Error train
0.00807436045384881,17680,Error test
0.006749084916741713,17700,Error train
0.008982607230121425,17700,Error test
0.005187976635049238,17720,Error train
0.007761940961756927,17720,Error test
0.007879107382868553,17740,Error train
0.010009714663709358,17740,Error test
0.005191873696262574,17760,Error train
0.007828827799414326,17760,Error test
0.005751647269140376,17780,Error train
0.008552161171748047,17780,Error test
0.007721457326042817,17800,Error train
0.009873029011008604,17800,Error test
0.005211138204645579,17820,Error train
0.007885030230070826,17820,Error test
0.00531727650552677,17840,Error train
0.007824369181137634,17840,Error test
0.005233150397060816,17860,Error train
0.007960225802234518,17860,Error test
0.0057428153199790615,17880,Error train
0.008565811892657156,17880,Error test
0.005147929329797844,17900,Error train
0.0077524078727433145,17900,Error test
0.005243037151037524,17920,Error train
0.007907677273612745,17920,Error test
0.0052596980041615966,17940,Error train
0.00793668842769343,17940,Error test
0.005461650661836496,17960,Error train
0.008185636477604244,17960,Error test
0.006065191847112164,17980,Error train
0.008880338500644099,17980,Error test
0.005235951434010549,18000,Error train
0.007744867114054424,18000,Error test
0.0052439511219829265,18020,Error train
0.007749994665132195,18020,Error test
0.007257679762845348,18040,Error train
0.009436967981563599,18040,Error test
0.005903447979923328,18060,Error train
0.00826117547491346,18060,Error test
0.005243258547974371,18080,Error train
0.00794651534056207,18080,Error test
0.005958458510037179,18100,Error train
0.008797947691732172,18100,Error test
0.005187222944209133,18120,Error train
0.00773403639838647,18120,Error test
0.005495153339075673,18140,Error train
0.0082625275469742,18140,Error test
0.005828235834223053,18160,Error train
0.008664199157615265,18160,Error test
0.005229325424732143,18180,Error train
0.007891050981636397,18180,Error test
0.005569659774409264,18200,Error train
0.008007984180982412,18200,Error test
0.005132206246836911,18220,Error train
0.007747244996704846,18220,Error test
0.005158941003176706,18240,Error train
0.0077816046182591254,18240,Error test
0.005389927074960239,18260,Error train
0.007864545810443898,18260,Error test
0.005309553651329239,18280,Error train
0.0078077000658673314,18280,Error test
0.005197276085748637,18300,Error train
0.007746304900936962,18300,Error test
0.005255233454411321,18320,Error train
0.007782817699836786,18320,Error test
0.005641235035846052,18340,Error train
0.008060119852466269,18340,Error test
0.006144921939419838,18360,Error train
0.008476769919804157,18360,Error test
0.0054498821730668365,18380,Error train
0.007905013291951462,18380,Error test
0.0056274787672325405,18400,Error train
0.008026404727328332,18400,Error test
0.005230302093854372,18420,Error train
0.007892126245974813,18420,Error test
0.006311214480681257,18440,Error train
0.008614113114205468,18440,Error test
0.005453645582853376,18460,Error train
0.007906828363537947,18460,Error test
0.005597382493817415,18480,Error train
0.008374472918631897,18480,Error test
0.005212960741952214,18500,Error train
0.007884494586969286,18500,Error test
0.0061039828582118835,18520,Error train
0.008445901110240702,18520,Error test
0.005395676289710579,18540,Error train
0.008144767322878839,18540,Error test
0.00510567781079769,18560,Error train
0.007750701477984368,18560,Error test
0.005388536176664277,18580,Error train
0.007858377915674971,18580,Error test
0.005552733101927921,18600,Error train
0.008350604936536112,18600,Error test
0.005872135357079831,18620,Error train
0.00824422146361518,18620,Error test
0.005626984810516199,18640,Error train
0.00804545689443345,18640,Error test
0.006727042995585273,18660,Error train
0.009683733491092987,18660,Error test
0.005267599063557198,18680,Error train
0.0077824913594497,18680,Error test
0.005494146137270359,18700,Error train
0.008194519962699914,18700,Error test
0.00533727108771595,18720,Error train
0.007988615433600084,18720,Error test
0.005854273316101486,18740,Error train
0.008212922524728121,18740,Error test
0.005303572221955533,18760,Error train
0.00780446857356658,18760,Error test
0.005166329199163287,18780,Error train
0.0077320733087348015,18780,Error test
0.006726949642767275,18800,Error train
0.008984013636377781,18800,Error test
0.005509764079411568,18820,Error train
0.008348024457203968,18820,Error test
0.005242924797534141,18840,Error train
0.0077708022914331825,18840,Error test
0.005115144592657924,18860,Error train
0.00775812342499837,18860,Error test
0.0058746240177824345,18880,Error train
0.008256080142427817,18880,Error test
0.006024088667732432,18900,Error train
0.00885594398096985,18900,Error test
0.005361829200090493,18920,Error train
0.007829979457117619,18920,Error test
0.005148718152318286,18940,Error train
0.007730390086304197,18940,Error test
0.005661994256853416,18960,Error train
0.008071326718417296,18960,Error test
0.006970976842529373,18980,Error train
0.009190329791967941,18980,Error test
0.005352272695549467,19000,Error train
0.007810652147328605,19000,Error test
0.005479163744392891,19020,Error train
0.007909109180574527,19020,Error test
0.006512919111485703,19040,Error train
0.008769146418140713,19040,Error test
0.009281719297861181,19060,Error train
0.012410249268763844,19060,Error test
0.005209990000586271,19080,Error train
0.0077509500109703405,19080,Error test
0.00553685263512181,19100,Error train
0.00798886199843099,19100,Error test
0.005164576815316117,19120,Error train
0.00784923654412361,19120,Error test
0.009479333332551248,19140,Error train
0.011520895258697776,19140,Error test
0.005826210411777656,19160,Error train
0.008196160440533286,19160,Error test
0.006000147128269607,19180,Error train
0.008337712281515803,19180,Error test
0.0057645483518193145,19200,Error train
0.008134344562324322,19200,Error test
0.005855770722836647,19220,Error train
0.008215731658479277,19220,Error test
0.0053119602672708766,19240,Error train
0.007789210827658184,19240,Error test
0.007456304016053603,19260,Error train
0.01049078440266987,19260,Error test
0.005598395632945217,19280,Error train
0.00802028947047669,19280,Error test
0.005367201487377024,19300,Error train
0.007835395963023812,19300,Error test
0.005175155268259966,19320,Error train
0.007731198249350883,19320,Error test
0.005135829281904206,19340,Error train
0.007732007500320285,19340,Error test
0.0052129196514534935,19360,Error train
0.007737546809002487,19360,Error test
0.006327289697538664,19380,Error train
0.008620694654847836,19380,Error test
0.005581554257152169,19400,Error train
0.008018343353048291,19400,Error test
0.00595644631839391,19420,Error train
0.008338414643652089,19420,Error test
0.006151110359087755,19440,Error train
0.009082199542594259,19440,Error test
0.005198129729243358,19460,Error train
0.00774968483466794,19460,Error test
0.005130252034289912,19480,Error train
0.00772670681885384,19480,Error test
0.005090272367061086,19500,Error train
0.00777449103031618,19500,Error test
0.005378868267776754,19520,Error train
0.007898389667253184,19520,Error test
0.005848896782020182,19540,Error train
0.008244770696261044,19540,Error test
0.0062001122849447135,19560,Error train
0.008549697540569312,19560,Error test
0.005806037394483978,19580,Error train
0.008207875572961485,19580,Error test
0.005113991396193049,19600,Error train
0.007789562136422323,19600,Error test
0.005432879024317677,19620,Error train
0.008211152134333762,19620,Error test
0.005201453828981554,19640,Error train
0.007737305124110966,19640,Error test
0.005427651790426344,19660,Error train
0.007889627378443176,19660,Error test
0.007190420448865284,19680,Error train
0.010209733950082067,19680,Error test
0.0070328912326039295,19700,Error train
0.009249545372585113,19700,Error test
0.005276426801962805,19720,Error train
0.007783918490335393,19720,Error test
0.005166005333746674,19740,Error train
0.007836507105201892,19740,Error test
0.005133255094553641,19760,Error train
0.007733119490742387,19760,Error test
0.005347578627508501,19780,Error train
0.008088453748287448,19780,Error test
0.005385414405476417,19800,Error train
0.007861988196194002,19800,Error test
0.0056846764526270535,19820,Error train
0.008117699296815991,19820,Error test
0.005848478576083168,19840,Error train
0.008229122044058415,19840,Error test
0.005263933837588488,19860,Error train
0.007778267779940226,19860,Error test
0.006115377752852964,19880,Error train
0.008445812197156606,19880,Error test
0.005135390970143215,19900,Error train
0.007825320414596298,19900,Error test
0.005410404865219092,19920,Error train
0.00787562067620742,19920,Error test
0.005649117923842233,19940,Error train
0.008061000259432488,19940,Error test
0.005720740378155946,19960,Error train
0.008116417993988562,19960,Error test
0.005313919985931173,19980,Error train
0.007815717615047003,19980,Error test
0.0051244147519724495,20000,Error train
0.007741961284940278,20000,Error test
0.005215576969288771,20020,Error train
0.007755348726886009,20020,Error test
0.006131161986318552,20040,Error train
0.009007163869996572,20040,Error test
0.005164947405829341,20060,Error train
0.007797154660498314,20060,Error test
0.005560918326101098,20080,Error train
0.007995021961923032,20080,Error test
0.005666750848942268,20100,Error train
0.008475332571380502,20100,Error test
0.007062323552149001,20120,Error train
0.009269239005610434,20120,Error test
0.0051617351697223835,20140,Error train
0.007762645947600352,20140,Error test
0.005780695648453902,20160,Error train
0.008139770414095672,20160,Error test
0.005410555675536255,20180,Error train
0.008134133949551233,20180,Error test
0.007064124613724945,20200,Error train
0.009278981269273026,20200,Error test
0.007815629544838243,20220,Error train
0.009965575206441011,20220,Error test
0.007040433775332466,20240,Error train
0.009994879342813073,20240,Error test
0.005806895934518479,20260,Error train
0.008154409618940067,20260,Error test
0.0055723039343088246,20280,Error train
0.007968344043376284,20280,Error test
0.005370961396931972,20300,Error train
0.008117999637174734,20300,Error test
0.0069410027656023115,20320,Error train
0.009165545203955138,20320,Error test
0.006138687417336693,20340,Error train
0.008460713516431233,20340,Error test
0.005397245991132274,20360,Error train
0.007835545855582781,20360,Error test
0.005189205031659227,20380,Error train
0.007750274139098866,20380,Error test
0.0051829087584876485,20400,Error train
0.007731246480266807,20400,Error test
0.006515259076212347,20420,Error train
0.008750350933292746,20420,Error test
0.0062945129734637145,20440,Error train
0.008583213782518083,20440,Error test
0.005509204944876663,20460,Error train
0.007924288144057207,20460,Error test
0.008402762396550592,20480,Error train
0.011440245049922528,20480,Error test
0.006275064890797357,20500,Error train
0.009144596363067877,20500,Error test
0.0052880836817196224,20520,Error train
0.007923565727662512,20520,Error test
0.005366303725659407,20540,Error train
0.00782083215578441,20540,Error test
0.006194394953889664,20560,Error train
0.009055222710886364,20560,Error test
0.007316153233578245,20580,Error train
0.00951970392963802,20580,Error test
0.005139810133789051,20600,Error train
0.007781504839107913,20600,Error test
0.0060891893407639,20620,Error train
0.008433862741014327,20620,Error test
0.005131428736408203,20640,Error train
0.007771953462759233,20640,Error test
0.005981956998771366,20660,Error train
0.008343498282864072,20660,Error test
0.005165211168184268,20680,Error train
0.00772823970493324,20680,Error test
0.0066219654670834,20700,Error train
0.008889428873679104,20700,Error test
0.005436849907537501,20720,Error train
0.008205839662246752,20720,Error test
0.007930353385387156,20740,Error train
0.011012234293433456,20740,Error test
0.005299889066515867,20760,Error train
0.007797512701656458,20760,Error test
0.005555820216785345,20780,Error train
0.008309973320549073,20780,Error test
0.006597817729324918,20800,Error train
0.008860547260344635,20800,Error test
0.00790029772374087,20820,Error train
0.010962739141457432,20820,Error test
0.005291005621068789,20840,Error train
0.0079937614270476,20840,Error test
0.005182295249099587,20860,Error train
0.00773121542637234,20860,Error test
0.005759155159516165,20880,Error train
0.008131748564845283,20880,Error test
0.005606347608153468,20900,Error train
0.008360649197108773,20900,Error test
0.005245400050209759,20920,Error train
0.007904854242183375,20920,Error test
0.005184341677518181,20940,Error train
0.00787116337931528,20940,Error test
0.005382793556720201,20960,Error train
0.007865307860116754,20960,Error test
0.005600390499544971,20980,Error train
0.008016718328149087,20980,Error test
0.0053070496209834984,21000,Error train
0.008050598780541181,21000,Error test
0.005789026574356756,21020,Error train
0.008603918637636869,21020,Error test
0.005327535678451873,21040,Error train
0.007806317762518945,21040,Error test
0.005164532489453566,21060,Error train
0.007737131969551564,21060,Error test
0.005336676166547601,21080,Error train
0.007827614939258971,21080,Error test
0.007266113225325484,21100,Error train
0.0094829629434587,21100,Error test
0.007489453235564493,21120,Error train
0.009667030474718355,21120,Error test
0.005141388761121461,21140,Error train
0.007727213324392657,21140,Error test
0.005622129501755118,21160,Error train
0.008442104287249178,21160,Error test
0.00531959483019872,21180,Error train
0.007811545813340885,21180,Error test
0.00517143084810032,21200,Error train
0.007770999460330636,21200,Error test
0.006238899751056937,21220,Error train
0.008530579766664511,21220,Error test
0.00630855532992864,21240,Error train
0.009185720273593984,21240,Error test
0.0052875776805168945,21260,Error train
0.007950825684979793,21260,Error test
0.005724519483951288,21280,Error train
0.008497736944920748,21280,Error test
0.005173154003702436,21300,Error train
0.007729846437798948,21300,Error test
0.00751554593193642,21320,Error train
0.010550427766080516,21320,Error test
0.006565067066634016,21340,Error train
0.0088363872662667,21340,Error test
0.005176369230353374,21360,Error train
0.007746023354377088,21360,Error test
0.005147375812928687,21380,Error train
0.007781453881391141,21380,Error test
0.0066900449526130215,21400,Error train
0.008959394847862647,21400,Error test
0.00630184442937507,21420,Error train
0.008611104062279497,21420,Error test
0.006487840070740347,21440,Error train
0.00876608974093367,21440,Error test
0.005319700081044993,21460,Error train
0.008002211445841526,21460,Error test
0.00712401413383332,21480,Error train
0.010122250617644574,21480,Error test
0.005172703927600412,21500,Error train
0.007842757381696683,21500,Error test
0.005176616882744967,21520,Error train
0.007736142005597649,21520,Error test
0.005154889113788265,21540,Error train
0.007799995310853114,21540,Error test
0.006011488877613259,21560,Error train
0.008901583606556667,21560,Error test
0.005109853011967271,21580,Error train
0.0077551489888898215,21580,Error test
0.0054269902140878295,21600,Error train
0.008158405504158198,21600,Error test
0.0051825981008403015,21620,Error train
0.007770038710503468,21620,Error test
0.005167742821526749,21640,Error train
0.007729062500939051,21640,Error test
0.005278049957576544,21660,Error train
0.007781392112100573,21660,Error test
0.005203798739365279,21680,Error train
0.0077426177409600835,21680,Error test
0.005332221143115039,21700,Error train
0.008070467903020812,21700,Error test
0.005181694742739266,21720,Error train
0.00782304635354705,21720,Error test
0.005729223746592308,21740,Error train
0.008538507313031986,21740,Error test
0.005136031371373101,21760,Error train
0.0077448257937975185,21760,Error test
0.005310994348142153,21780,Error train
0.008006023436445875,21780,Error test
0.00606017257642402,21800,Error train
0.008385240771760817,21800,Error test
0.0052660229261012785,21820,Error train
0.007768254865888067,21820,Error test
0.00515121722316884,21840,Error train
0.00773636326460529,21840,Error test
0.005387650035762918,21860,Error train
0.008096871064452579,21860,Error test
0.00814140561251384,21880,Error train
0.011191085686077799,21880,Error test
0.007033831118987344,21900,Error train
0.009266827550439043,21900,Error test
0.005191259225552088,21920,Error train
0.007731978398091006,21920,Error test
0.005872240752421829,21940,Error train
0.00823742572237768,21940,Error test
0.0051583408630026025,21960,Error train
0.007728500206642999,21960,Error test
0.005825985278555585,21980,Error train
0.008214077147132282,21980,Error test
0.005146818618088875,22000,Error train
0.00772532306543711,22000,Error test
0.005155971923378856,22020,Error train
0.007736754371817773,22020,Error test
0.005157749723541185,22040,Error train
0.00778915411797465,22040,Error test
0.00514146508213953,22060,Error train
0.007739882438461822,22060,Error test
0.0053266816633612424,22080,Error train
0.007789880005572078,22080,Error test
0.00516721786854705,22100,Error train
0.0077365084414664645,22100,Error test
0.005555000002346664,22120,Error train
0.007960028859806964,22120,Error test
0.005157141396021776,22140,Error train
0.007777375129763467,22140,Error test
0.006249579056469106,22160,Error train
0.009163861168843218,22160,Error test
0.005352058792683561,22180,Error train
0.008054123768485879,22180,Error test
0.005581895780353704,22200,Error train
0.007974027786449263,22200,Error test
0.006454152227723192,22220,Error train
0.008704048366078531,22220,Error test
0.0052445062519848136,22240,Error train
0.00781255651037812,22240,Error test
0.005193293072815765,22260,Error train
0.0077793398336337615,22260,Error test
0.005189940819985841,22280,Error train
0.0077271211237871585,22280,Error test
0.005342803110040126,22300,Error train
0.00804634230180951,22300,Error test
0.005270116775801168,22320,Error train
0.00777849007671337,22320,Error test
0.005156863171994826,22340,Error train
0.007729708903141543,22340,Error test
0.005110506651655196,22360,Error train
0.007770576603115282,22360,Error test
0.005068143733353303,22380,Error train
0.007753059065534809,22380,Error test
0.005284210031220916,22400,Error train
0.007803114912575723,22400,Error test
0.005979611924395325,22420,Error train
0.008847041220680859,22420,Error test
0.005136203088465436,22440,Error train
0.007757619282164948,22440,Error test
0.005163707638452318,22460,Error train
0.00772350314237002,22460,Error test
0.005157242785596681,22480,Error train
0.007747674729470572,22480,Error test
0.005257037084578981,22500,Error train
0.007758597384577568,22500,Error test
0.005278787761424368,22520,Error train
0.00775792221900294,22520,Error test
0.005447769844123778,22540,Error train
0.007906875108584807,22540,Error test
0.0051557003586435975,22560,Error train
0.007730760328607469,22560,Error test
0.0054198176526909616,22580,Error train
0.007879317794189027,22580,Error test
0.005236284597393308,22600,Error train
0.007745325232402049,22600,Error test
0.005427076727351254,22620,Error train
0.007863952130846799,22620,Error test
0.005290083494475958,22640,Error train
0.0077908670406909505,22640,Error test
0.005403079132244483,22660,Error train
0.007871465695854778,22660,Error test
0.005154090932132101,22680,Error train
0.0077256754761221205,22680,Error test
0.005816401810750927,22700,Error train
0.008199899341294394,22700,Error test
0.006573039455186782,22720,Error train
0.009499190259660928,22720,Error test
0.00515160187051317,22740,Error train
0.007801905853192441,22740,Error test
0.0059514945875684625,22760,Error train
0.00830949870045317,22760,Error test
0.005957944230540852,22780,Error train
0.00830980834271014,22780,Error test
0.006308673706303227,22800,Error train
0.008623178295573264,22800,Error test
0.00678977775344763,22820,Error train
0.00971240198163523,22820,Error test
0.0062221972046878436,22840,Error train
0.008529452611784939,22840,Error test
0.005206063431503613,22860,Error train
0.007845736095337808,22860,Error test
0.005324170220861149,22880,Error train
0.008004069600740574,22880,Error test
0.005150762062661742,22900,Error train
0.007742718918274062,22900,Error test
0.006504619408748298,22920,Error train
0.008776065236883247,22920,Error test
0.005972034278245472,22940,Error train
0.008315239142581764,22940,Error test
0.006583407129118718,22960,Error train
0.008861948511316756,22960,Error test
0.005165767144408211,22980,Error train
0.007736424276389589,22980,Error test
0.00520038103502002,23000,Error train
0.007815361786209552,23000,Error test
0.005280431650260675,23020,Error train
0.00796582956574736,23020,Error test
0.005113414613054473,23040,Error train
0.007721063803688713,23040,Error test
0.005414792888854987,23060,Error train
0.008158228808421557,23060,Error test
0.005222922741632139,23080,Error train
0.007746002600852769,23080,Error test
0.0059291020464312194,23100,Error train
0.008287380235004627,23100,Error test
0.005145186928937628,23120,Error train
0.0077733863388037535,23120,Error test
0.005666843057409326,23140,Error train
0.008492872894367731,23140,Error test
0.005309404979313763,23160,Error train
0.007814865315918657,23160,Error test
0.0052730821818516155,23180,Error train
0.007989986045960677,23180,Error test
0.005135913232387314,23200,Error train
0.007728858995436516,23200,Error test
0.005297942795874656,23220,Error train
0.007798383346474521,23220,Error test
0.006270118515688525,23240,Error train
0.009185896231567913,23240,Error test
0.005311019315398348,23260,Error train
0.008026161735951928,23260,Error test
0.00587572234846925,23280,Error train
0.008706107008561285,23280,Error test
0.005214946632208332,23300,Error train
0.007887457664472814,23300,Error test
0.0054056529537958135,23320,Error train
0.007872862498304286,23320,Error test
0.006320326491668184,23340,Error train
0.008623611991691026,23340,Error test
0.005631039849725954,23360,Error train
0.008436515343227256,23360,Error test
0.005518701926510433,23380,Error train
0.00796015623181134,23380,Error test
0.005219506524529565,23400,Error train
0.007885628815010034,23400,Error test
0.005144745898455244,23420,Error train
0.007735789360875164,23420,Error test
0.00538173019741055,23440,Error train
0.00784386917546048,23440,Error test
0.005153994297054393,23460,Error train
0.007746438892247989,23460,Error test
0.005309206340702003,23480,Error train
0.007978064920140053,23480,Error test
0.006034495335170503,23500,Error train
0.008359496348696423,23500,Error test
0.007192429338695267,23520,Error train
0.009377827092903893,23520,Error test
0.005533723807294046,23540,Error train
0.008280799788536623,23540,Error test
0.00521119383577136,23560,Error train
0.007829352220669616,23560,Error test
0.005272113167653049,23580,Error train
0.007768868274758558,23580,Error test
0.005407384929396075,23600,Error train
0.007853043552122692,23600,Error test
0.005347523476001958,23620,Error train
0.007788401250674218,23620,Error test
0.005590290939033139,23640,Error train
0.008337911952876866,23640,Error test
0.0053025188151964425,23660,Error train
0.007777887419018321,23660,Error test
0.005703939972410388,23680,Error train
0.008091038038787385,23680,Error test
0.00523705796619269,23700,Error train
0.00775224911909242,23700,Error test
0.005334807887433362,23720,Error train
0.008014209237351317,23720,Error test
0.005228651664110739,23740,Error train
0.007734789176627774,23740,Error test
0.005228291570565042,23760,Error train
0.007850612978597508,23760,Error test
0.005407495499404173,23780,Error train
0.007861122144111925,23780,Error test
0.006209642136294918,23800,Error train
0.008520867020846519,23800,Error test
0.005153803467162711,23820,Error train
0.0077181180900585235,23820,Error test
0.0055844912849750536,23840,Error train
0.008000723823416106,23840,Error test
0.005152570122923024,23860,Error train
0.007721565064455242,23860,Error test
0.005500176181297659,23880,Error train
0.007925967601814476,23880,Error test
0.005426945345121425,23900,Error train
0.008141375368021255,23900,Error test
0.00522615056106249,23920,Error train
0.00785648427855798,23920,Error test
0.005217847460788004,23940,Error train
0.0077276935738167934,23940,Error test
0.00532874083909553,23960,Error train
0.008033641317957472,23960,Error test
0.0059903685018381485,23980,Error train
0.008342177226284529,23980,Error test
0.0051400593128236695,24000,Error train
0.007717425377986873,24000,Error test
0.005414417024004967,24020,Error train
0.007890855357567254,24020,Error test
0.005438827783584674,24040,Error train
0.007885323249271848,24040,Error test
0.005172024350329082,24060,Error train
0.007759344469733513,24060,Error test
0.00522507965317875,24080,Error train
0.007854044074702035,24080,Error test
0.005279593964104046,24100,Error train
0.007935064976470552,24100,Error test
0.005209740462006386,24120,Error train
0.007835938845907789,24120,Error test
0.007506755266670762,24140,Error train
0.010490498700655326,24140,Error test
0.006455208288440068,24160,Error train
0.009371626970147411,24160,Error test
0.0061105548661683955,24180,Error train
0.008426751522227431,24180,Error test
0.005137063793723192,24200,Error train
0.00774432642660146,24200,Error test
0.005139877469382295,24220,Error train
0.007728329419869887,24220,Error test
0.005302377517185379,24240,Error train
0.007794527425902884,24240,Error test
0.005684707010766875,24260,Error train
0.008078311390323771,24260,Error test
0.005157528546989396,24280,Error train
0.007817009058910172,24280,Error test
0.005305966831403498,24300,Error train
0.008033136064901221,24300,Error test
0.006657449590763435,24320,Error train
0.008912364281758263,24320,Error test
0.005647011925131449,24340,Error train
0.00804067910804296,24340,Error test
0.005710834207134076,24360,Error train
0.008513331533256964,24360,Error test
0.005877739484935133,24380,Error train
0.008694338066025731,24380,Error test
0.0052228261188901936,24400,Error train
0.007746008352697559,24400,Error test
0.005373497472375006,24420,Error train
0.007826919262501838,24420,Error test
0.0053321304755267465,24440,Error train
0.008048301712822257,24440,Error test
0.005575538822020564,24460,Error train
0.008360724716009273,24460,Error test
0.005697088250949196,24480,Error train
0.008087519772909666,24480,Error test
0.005534019254055543,24500,Error train
0.007974438035350027,24500,Error test
0.005102645536486899,24520,Error train
0.0077326932085902715,24520,Error test
0.005210982861039385,24540,Error train
0.007891274522647717,24540,Error test
0.005371482742311332,24560,Error train
0.008134864800748584,24560,Error test
0.007826923265921657,24580,Error train
0.009975921491522325,24580,Error test
0.005188109968978432,24600,Error train
0.007735942271056838,24600,Error test
0.006584831069535856,24620,Error train
0.00885352097090622,24620,Error test
0.0053616766207362195,24640,Error train
0.007836213031547957,24640,Error test
0.005313257938522493,24660,Error train
0.00782316745296379,24660,Error test
0.0052490392183735446,24680,Error train
0.007770659303088409,24680,Error test
0.005165066937426867,24700,Error train
0.007721337081988153,24700,Error test
0.005250001536248571,24720,Error train
0.007753283093850396,24720,Error test
0.00606039290831878,24740,Error train
0.008393108065246542,24740,Error test
0.005537906536161465,24760,Error train
0.008365114561114603,24760,Error test
0.005111052896408435,24780,Error train
0.00777507262445062,24780,Error test
0.00511706272569966,24800,Error train
0.007728072155909781,24800,Error test
0.005453475360900847,24820,Error train
0.00791754975740417,24820,Error test
0.005537160244842086,24840,Error train
0.008328838349804552,24840,Error test
0.005216334043964025,24860,Error train
0.007895021305628207,24860,Error test
0.00552677418971625,24880,Error train
0.008286677611153582,24880,Error test
0.006762959363401099,24900,Error train
0.008991957495458582,24900,Error test
0.00560738509279579,24920,Error train
0.008334059038557719,24920,Error test
0.005468448954375063,24940,Error train
0.007891759719676976,24940,Error test
0.005171200922516465,24960,Error train
0.007720652100192841,24960,Error test
0.005781692876117541,24980,Error train
0.008157169364069803,24980,Error test
0.0051933816756952935,25000,Error train
0.007726117411319502,25000,Error test
0.0051747041265765,25020,Error train
0.007779158404673598,25020,Error test
0.006245762546291058,25040,Error train
0.009120805819288542,25040,Error test
0.006188125637082554,25060,Error train
0.009077800201500693,25060,Error test
0.0055302980855771455,25080,Error train
0.007955744546584634,25080,Error test
0.005213676287605665,25100,Error train
0.00783970902102411,25100,Error test
0.005230291551274333,25120,Error train
0.007733892293371505,25120,Error test
0.005470972678080606,25140,Error train
0.008157641708325098,25140,Error test
0.005399429965708111,25160,Error train
0.0081021908107197,25160,Error test
0.006111606390794808,25180,Error train
0.008439725046705933,25180,Error test
0.00806749876500431,25200,Error train
0.011112650380264964,25200,Error test
0.005577524526073219,25220,Error train
0.008316949948822277,25220,Error test
0.006964522438538817,25240,Error train
0.009847454314968274,25240,Error test
0.005645800363343806,25260,Error train
0.008014915831206075,25260,Error test
0.005190657799332709,25280,Error train
0.007723436565293509,25280,Error test
0.005752457958444391,25300,Error train
0.00814986675503634,25300,Error test
0.00530326001244615,25320,Error train
0.0078094182721148864,25320,Error test
0.005190055999698567,25340,Error train
0.007727365243490229,25340,Error test
0.005138882051881051,25360,Error train
0.007772095448395744,25360,Error test
0.005122206497298034,25380,Error train
0.007738386362887999,25380,Error test
0.005217408456497296,25400,Error train
0.007861236722862283,25400,Error test
0.007611360557565912,25420,Error train
0.009755321907471328,25420,Error test
0.00550386928022048,25440,Error train
0.008288499409370412,25440,Error test
0.00524958964652242,25460,Error train
0.007771835937102841,25460,Error test
0.005575165950404081,25480,Error train
0.008002195894880219,25480,Error test
0.005587589618936042,25500,Error train
0.008362300419131033,25500,Error test
0.00685386456936734,25520,Error train
0.009072815870302946,25520,Error test
0.005570370283499886,25540,Error train
0.007970299175410202,25540,Error test
0.005241197328633562,25560,Error train
0.00788115051307824,25560,Error test
0.005218868709301042,25580,Error train
0.007731835703584812,25580,Error test
0.0051506979999311805,25600,Error train
0.007716528772236469,25600,Error test
0.00857837834617735,25620,Error train
0.011688598117339893,25620,Error test
0.007301142689588079,25640,Error train
0.010313552257118627,25640,Error test
0.006862399713267055,25660,Error train
0.009798193256521278,25660,Error test
0.006967459194351513,25680,Error train
0.009923561620029648,25680,Error test
0.005414647460183763,25700,Error train
0.007878887559061602,25700,Error test
0.005169782104540167,25720,Error train
0.007720422080757689,25720,Error test
0.005260043001482513,25740,Error train
0.007987662598491367,25740,Error test
0.005384613997906937,25760,Error train
0.008124981691926741,25760,Error test
0.006370271651383,25780,Error train
0.009262606942610612,25780,Error test
0.005141170937041024,25800,Error train
0.007754462045432146,25800,Error test
0.0052119461163107235,25820,Error train
0.007731504177307236,25820,Error test
0.005193069811586101,25840,Error train
0.007795914730736052,25840,Error test
0.005783568246016997,25860,Error train
0.008600059193408956,25860,Error test
0.005101941359647699,25880,Error train
0.0077145785496507595,25880,Error test
0.006730167183124818,25900,Error train
0.008995312669170655,25900,Error test
0.005298219479365345,25920,Error train
0.008008313837449212,25920,Error test
0.0052587639430422065,25940,Error train
0.007955189946549705,25940,Error test
0.005879460233578369,25960,Error train
0.008676868379586455,25960,Error test
0.005292167219739569,25980,Error train
0.007769372944442041,25980,Error test
0.0057169938430294415,26000,Error train
0.008485259573415106,26000,Error test
0.005172318022486321,26020,Error train
0.007717171676368929,26020,Error test
0.005960032415860777,26040,Error train
0.008294354305408501,26040,Error test
0.005693995690637296,26060,Error train
0.008062111845959731,26060,Error test
0.00704297970662216,26080,Error train
0.009254647975022156,26080,Error test
0.005300740186814407,26100,Error train
0.0077696344034767825,26100,Error test
0.006179522555348562,26120,Error train
0.008493984238745296,26120,Error test
0.005349830923662385,26140,Error train
0.007817164812203004,26140,Error test
0.005870074500897149,26160,Error train
0.008722394782367792,26160,Error test
0.005994802579830542,26180,Error train
0.008345958925718273,26180,Error test
0.005192745380163226,26200,Error train
0.007868880734570215,26200,Error test
0.006078665467015017,26220,Error train
0.00895704623319295,26220,Error test
0.00515020030376608,26240,Error train
0.007715413306156318,26240,Error test
0.005485786709405164,26260,Error train
0.007925208728826282,26260,Error test
0.005393716857973892,26280,Error train
0.007852887283935722,26280,Error test
0.005202344590260394,26300,Error train
0.007721786689388425,26300,Error test
0.005581398142678467,26320,Error train
0.008339877520228783,26320,Error test
0.005394790288524622,26340,Error train
0.008188678438223294,26340,Error test
0.005105985075935494,26360,Error train
0.007737344521791674,26360,Error test
0.0050991012495121835,26380,Error train
0.007713618038773778,26380,Error test
0.005212896754765148,26400,Error train
0.007928035885220591,26400,Error test
0.00515620536425303,26420,Error train
0.007796554729308154,26420,Error test
0.005431088652474586,26440,Error train
0.00813247351448284,26440,Error test
0.005190447984613612,26460,Error train
0.00773063821240109,26460,Error test
0.005443177246794284,26480,Error train
0.00784815455271139,26480,Error test
0.00552454175700866,26500,Error train
0.008199254632289526,26500,Error test
0.006869239443943551,26520,Error train
0.009767169925951414,26520,Error test
0.005188073212522989,26540,Error train
0.007749221772255822,26540,Error test
0.0051707882759853795,26560,Error train
0.007754494625694436,26560,Error test
0.005292713508296484,26580,Error train
0.007758800276690795,26580,Error test
0.005956870472535856,26600,Error train
0.00827652407247629,26600,Error test
0.005518914622333058,26620,Error train
0.007926203476131084,26620,Error test
0.005992460801902271,26640,Error train
0.008327341799487464,26640,Error test
0.005341555281824468,26660,Error train
0.007823983553098079,26660,Error test
0.005298377008554103,26680,Error train
0.008018676604589523,26680,Error test
0.005155171284051915,26700,Error train
0.007800915365467421,26700,Error test
0.005206449870438305,26720,Error train
0.00787178703205817,26720,Error test
0.005159730071641919,26740,Error train
0.007803644848738542,26740,Error test
0.009867818746324546,26760,Error train
0.011847679568506105,26760,Error test
0.005176613914378942,26780,Error train
0.0077236618278053145,26780,Error test
0.005490423607043701,26800,Error train
0.007904552590735742,26800,Error test
0.005560694356220386,26820,Error train
0.008283455924137902,26820,Error test
0.0058211354731569085,26840,Error train
0.0081582489776093,26840,Error test
0.007906973293688906,26860,Error train
0.010869100267582513,26860,Error test
0.0054605904614949624,26880,Error train
0.007885122780968016,26880,Error test
0.0053487217824305,26900,Error train
0.008087174889028126,26900,Error test
0.00525582063243822,26920,Error train
0.007938435613216716,26920,Error test
0.005294660636424871,26940,Error train
0.007787533964392485,26940,Error test
0.00555518119382534,26960,Error train
0.007987236597142247,26960,Error test
0.005158068331760207,26980,Error train
0.007812288511010782,26980,Error test
0.005499075759974792,27000,Error train
0.008254930808417806,27000,Error test
0.00610249198220334,27020,Error train
0.0089405445751402,27020,Error test
0.005670135668608537,27040,Error train
0.008040258844320065,27040,Error test
0.0054827637052834305,27060,Error train
0.008202882622008219,27060,Error test
0.005419242669416835,27080,Error train
0.007850342540022544,27080,Error test
0.00914260322588152,27100,Error train
0.012258879178345783,27100,Error test
0.005979483727666095,27120,Error train
0.008312848197603565,27120,Error test
0.005167150186815545,27140,Error train
0.007854286055468975,27140,Error test
0.005410974087002376,27160,Error train
0.007856390377112638,27160,Error test
0.005941231824391387,27180,Error train
0.00828565603759513,27180,Error test
0.006870100837654603,27200,Error train
0.00907460291191421,27200,Error test
0.005621266173072944,27220,Error train
0.007994841823661595,27220,Error test
0.00668563706016608,27240,Error train
0.008944425011746759,27240,Error test
0.007126480295478952,27260,Error train
0.010109437027770224,27260,Error test
0.005803652230559326,27280,Error train
0.008167617528055005,27280,Error test
0.005144442942979591,27300,Error train
0.007821748969465461,27300,Error test
0.005133710587019355,27320,Error train
0.007790375990737304,27320,Error test
0.005153907541373989,27340,Error train
0.007708617635698586,27340,Error test
0.005662783743689313,27360,Error train
0.008058119922899482,27360,Error test
0.00527302151379998,27380,Error train
0.007967171193872675,27380,Error test
0.005130800193177317,27400,Error train
0.007705595673911913,27400,Error test
0.005109692120387385,27420,Error train
0.007786159302867456,27420,Error test
0.005142723398473636,27440,Error train
0.007818471030922983,27440,Error test
0.0052963967264637556,27460,Error train
0.008027687803802157,27460,Error test
0.005195045500786048,27480,Error train
0.007725453367188758,27480,Error test
0.00900361432403225,27500,Error train
0.012112404931285337,27500,Error test
0.005902821688120987,27520,Error train
0.008244968894855318,27520,Error test
0.005821094804359559,27540,Error train
0.008625226083909192,27540,Error test
0.005140875674401071,27560,Error train
0.007706927617293205,27560,Error test
0.005297813048203585,27580,Error train
0.007791755367740694,27580,Error test
0.005099288445764232,27600,Error train
0.007713944300752903,27600,Error test
0.005482481240119254,27620,Error train
0.008315168680035484,27620,Error test
0.006533668571198899,27640,Error train
0.00944684882242652,27640,Error test
0.0053460491881276405,27660,Error train
0.007792546958249748,27660,Error test
0.007147324499768563,27680,Error train
0.009337953996245667,27680,Error test
0.005213138884507355,27700,Error train
0.007820960476725357,27700,Error test
0.006064571893623667,27720,Error train
0.008367719701889665,27720,Error test
0.006256228933410933,27740,Error train
0.008536525086821263,27740,Error test
0.005196232845606289,27760,Error train
0.007828473801830627,27760,Error test
0.005231962250254762,27780,Error train
0.007736062296887019,27780,Error test
0.005161063178949875,27800,Error train
0.007715366482954157,27800,Error test
0.006385436152899644,27820,Error train
0.00925339462314514,27820,Error test
0.005402996136019927,27840,Error train
0.007870024851154754,27840,Error test
0.005359902042602768,27860,Error train
0.007834897474698581,27860,Error test
0.006648712553359437,27880,Error train
0.008915414848980702,27880,Error test
0.0051291225981440584,27900,Error train
0.007709838125757928,27900,Error test
0.005445769918724601,27920,Error train
0.00823411410910559,27920,Error test
0.008716129227552962,27940,Error train
0.011844743054482758,27940,Error test
0.00514673895676218,27960,Error train
0.007715971678483396,27960,Error test
0.005272783678875428,27980,Error train
0.007760017943458491,27980,Error test
0.0052709515372548685,28000,Error train
0.007762522210091522,28000,Error test
0.005164742770954996,28020,Error train
0.007733890619652947,28020,Error test
0.005214003643213411,28040,Error train
0.007721666172075074,28040,Error test
0.00642714769593633,28060,Error train
0.009290446447203542,28060,Error test
0.0061525687812664055,28080,Error train
0.008458933153891082,28080,Error test
0.005179050857865552,28100,Error train
0.007714113833334873,28100,Error test
0.0054809283196777135,28120,Error train
0.007925039841514894,28120,Error test
0.005306222653374664,28140,Error train
0.007796782226057024,28140,Error test
0.005204123892222951,28160,Error train
0.007895511993499367,28160,Error test
0.005264145472566461,28180,Error train
0.007777805765795333,28180,Error test
0.006815479390889767,28200,Error train
0.009761015191892564,28200,Error test
0.005111486900379739,28220,Error train
0.007716539461651675,28220,Error test
0.005295709997939994,28240,Error train
0.00802518754937609,28240,Error test
0.005272182545655339,28260,Error train
0.0077738368150118255,28260,Error test
0.005271001131857838,28280,Error train
0.0077657381374524595,28280,Error test
0.0051352216942865125,28300,Error train
0.007766154250022751,28300,Error test
0.00560497821664916,28320,Error train
0.00803517836527602,28320,Error test
0.005647040929055749,28340,Error train
0.008053538616710891,28340,Error test
0.007151631389348687,28360,Error train
0.009364662260368965,28360,Error test
0.005609661832205119,28380,Error train
0.008408407505555764,28380,Error test
0.005271328733005236,28400,Error train
0.007764303218595339,28400,Error test
0.0059449860773218045,28420,Error train
0.008760014142731158,28420,Error test
0.005180117159425295,28440,Error train
0.007818296739456148,28440,Error test
0.005156831399016549,28460,Error train
0.007713029961868578,28460,Error test
0.00521851171523761,28480,Error train
0.007728825730631485,28480,Error test
0.005584245552873362,28500,Error train
0.007984435566830563,28500,Error test
0.005506398399139648,28520,Error train
0.008263137387041151,28520,Error test
0.007469939449041405,28540,Error train
0.010465371802028417,28540,Error test
0.005155966277007487,28560,Error train
0.007708066280889468,28560,Error test
0.0051738719975594405,28580,Error train
0.007714469848805702,28580,Error test
0.005499636366980056,28600,Error train
0.007910560309468809,28600,Error test
0.005326156553396522,28620,Error train
0.0077872040681208985,28620,Error test
0.009122523641215498,28640,Error train
0.011151665282891694,28640,Error test
0.005440080037134699,28660,Error train
0.007867384269306074,28660,Error test
0.0052385188704985736,28680,Error train
0.007903998284459878,28680,Error test
0.005612261476154259,28700,Error train
0.008011301070492248,28700,Error test
0.005275728616921666,28720,Error train
0.007770143753345457,28720,Error test
0.00528690467689173,28740,Error train
0.007921847377289785,28740,Error test
0.005611709326927813,28760,Error train
0.008348656786114565,28760,Error test
0.005697444339886442,28780,Error train
0.00806462171479444,28780,Error test
0.005354404727171261,28800,Error train
0.007809152244847271,28800,Error test
0.005202841777574671,28820,Error train
0.007717509012691213,28820,Error test
0.00538227202742591,28840,Error train
0.007809364716515555,28840,Error test
0.00754653340426373,28860,Error train
0.010480125395151904,28860,Error test
0.00550798560015562,28880,Error train
0.008251610735057317,28880,Error test
0.005594515596630039,28900,Error train
0.00799491439107004,28900,Error test
0.005651185863170076,28920,Error train
0.008434868219343694,28920,Error test
0.005196074616256777,28940,Error train
0.007716334082574883,28940,Error test
0.006142033725594961,28960,Error train
0.008456681060162159,28960,Error test
0.008199955785225409,28980,Error train
0.010322351882785758,28980,Error test
0.0051383575341092435,29000,Error train
0.007788484488338364,29000,Error test
0.005238966493673777,29020,Error train
0.007772684475240687,29020,Error test
0.005322831316565174,29040,Error train
0.0078299954846152,29040,Error test
0.005118360026816708,29060,Error train
0.007712375462938633,29060,Error test
0.005114534925792287,29080,Error train
0.007709439780761974,29080,Error test
0.005104479416207623,29100,Error train
0.007738983043627388,29100,Error test
0.006751329389264976,29120,Error train
0.00902595587158432,29120,Error test
0.007577182638402908,29140,Error train
0.010615184626145729,29140,Error test
0.006417790326815179,29160,Error train
0.008691438371264595,29160,Error test
0.005145730484731981,29180,Error train
0.007759154028577687,29180,Error test
0.005254876927083549,29200,Error train
0.007757915061292501,29200,Error test
0.006786046558319979,29220,Error train
0.009674709031710369,29220,Error test
0.005200421853344499,29240,Error train
0.007721286564277199,29240,Error test
0.005254908575287097,29260,Error train
0.007949165233551613,29260,Error test
0.006489253835648756,29280,Error train
0.009403725569637264,29280,Error test
0.005353514578762764,29300,Error train
0.007827910633126723,29300,Error test
0.005126173712359304,29320,Error train
0.007720116889293615,29320,Error test
0.00614612033896175,29340,Error train
0.008439009280307216,29340,Error test
0.008160727919290218,29360,Error train
0.010245001197944721,29360,Error test
0.0052716229976332235,29380,Error train
0.0077401833315484765,29380,Error test
0.005739084970981983,29400,Error train
0.008118359975174036,29400,Error test
0.006052980469303499,29420,Error train
0.008389890381560109,29420,Error test
0.006004434630961735,29440,Error train
0.008860175757122033,29440,Error test
0.006642730428229436,29460,Error train
0.008897083218597748,29460,Error test
0.0051736360107760655,29480,Error train
0.0077266087784094006,29480,Error test
0.007749210268923814,29500,Error train
0.010736652391938458,29500,Error test
0.005557337114996374,29520,Error train
0.007963776065531968,29520,Error test
0.005138104543748547,29540,Error train
0.007740444525836594,29540,Error test
0.007067524775376071,29560,Error train
0.009282737284982339,29560,Error test
0.005880476006921415,29580,Error train
0.00820601045995197,29580,Error test
0.005220760275813232,29600,Error train
0.007714765980737351,29600,Error test
0.005211375871532744,29620,Error train
0.007715798308675922,29620,Error test
0.005161942219171778,29640,Error train
0.007755525923868175,29640,Error test
0.0053529205712209045,29660,Error train
0.008067955736222066,29660,Error test
0.005996699530863124,29680,Error train
0.008345822014316582,29680,Error test
0.005881087309258136,29700,Error train
0.008240096582591123,29700,Error test
0.008262668496337729,29720,Error train
0.01124090594681654,29720,Error test
0.0052570959809644605,29740,Error train
0.0077324190579940435,29740,Error test
0.005793380317346339,29760,Error train
0.008542354062643984,29760,Error test
0.005533012940948031,29780,Error train
0.007921872031897176,29780,Error test
0.005237595334639063,29800,Error train
0.007722637117482907,29800,Error test
0.005849828734406414,29820,Error train
0.008200329494427267,29820,Error test
0.0052677515496381425,29840,Error train
0.007925127712699511,29840,Error test
0.005141559171047751,29860,Error train
0.00777206430684523,29860,Error test
0.00562754126763262,29880,Error train
0.008064166824517426,29880,Error test
0.005269631131798047,29900,Error train
0.007785742444849331,29900,Error test
0.005209031753459755,29920,Error train
0.007743141500419756,29920,Error test
0.005346018212505913,29940,Error train
0.00812611573178772,29940,Error test
0.00562983647132347,29960,Error train
0.00848191022325459,29960,Error test
0.005334055561280456,29980,Error train
0.00807871975397482,29980,Error test
0.005727614869439466,30000,Error train
0.008524329560839938,30000,Error test
0.0051940118665789094,30020,Error train
0.007716856242212739,30020,Error test
0.005769250957254972,30040,Error train
0.008136540373878367,30040,Error test
0.0053381201731690624,30060,Error train
0.008037853970332211,30060,Error test
0.005140327364704849,30080,Error train
0.007715156740688687,30080,Error test
0.006321351770034961,30100,Error train
0.00860464562125163,30100,Error test
0.005265369642312631,30120,Error train
0.00774822491503522,30120,Error test
0.009764942770794156,30140,Error train
0.012908257834971949,30140,Error test
0.007383886085000798,30160,Error train
0.010395045233571388,30160,Error test
0.005310281612588583,30180,Error train
0.007813531327464636,30180,Error test
0.005261243173121188,30200,Error train
0.007748740588602046,30200,Error test
0.005423354284075979,30220,Error train
0.008154902375310111,30220,Error test
0.0053462302898413,30240,Error train
0.008041478440605881,30240,Error test
0.005276259538385984,30260,Error train
0.007949265920760262,30260,Error test
0.006292371898448441,30280,Error train
0.0085810349750191,30280,Error test
0.005230661151067936,30300,Error train
0.007929989215712408,30300,Error test
0.005947851461133142,30320,Error train
0.008316848847714803,30320,Error test
0.005131304316339983,30340,Error train
0.007702309153069078,30340,Error test
0.005675209179507271,30360,Error train
0.008087050346511637,30360,Error test
0.005871373744635126,30380,Error train
0.008231407157800004,30380,Error test
0.005523498965833126,30400,Error train
0.00796578154502028,30400,Error test
0.005146387839924564,30420,Error train
0.007706032723573291,30420,Error test
0.006111692606389207,30440,Error train
0.00841783385123773,30440,Error test
0.005201590238187332,30460,Error train
0.007712376498758832,30460,Error test
0.00541135852818762,30480,Error train
0.008103873965490865,30480,Error test
0.005292334763055135,30500,Error train
0.0077570386871475905,30500,Error test
0.005736217637583655,30520,Error train
0.008105078928671294,30520,Error test
0.005380798596652327,30540,Error train
0.007842484485373223,30540,Error test
0.005213510837279832,30560,Error train
0.007737687848907648,30560,Error test
0.005445801261365484,30580,Error train
0.007881467800982853,30580,Error test
0.005270513577822535,30600,Error train
0.007955697923513241,30600,Error test
0.0051784699012555665,30620,Error train
0.007706651089374253,30620,Error test
0.005268274701277612,30640,Error train
0.007753749908913184,30640,Error test
0.0069696223302707265,30660,Error train
0.00917920345024062,30660,Error test
0.008345162548954144,30680,Error train
0.010432357528065823,30680,Error test
0.005687813362670324,30700,Error train
0.00805501104105746,30700,Error test
0.005150214822155079,30720,Error train
0.0077407253241697765,30720,Error test
0.005586038977142409,30740,Error train
0.00799179294540753,30740,Error test
0.005130939240916444,30760,Error train
0.0077699319195225795,30760,Error test
0.005451882620851247,30780,Error train
0.007899742466597474,30780,Error test
0.007857629412459374,30800,Error train
0.0100124567058061,30800,Error test
0.00712855468920783,30820,Error train
0.009349264931473929,30820,Error test
0.006132844095676783,30840,Error train
0.009079517354200482,30840,Error test
0.005159543781369386,30860,Error train
0.007907735896839331,30860,Error test
0.005736787029001323,30880,Error train
0.008144812409542873,30880,Error test
0.005813619635065907,30900,Error train
0.008633447612175018,30900,Error test
0.005193596563806985,30920,Error train
0.007845571784910412,30920,Error test
0.006583017299112201,30940,Error train
0.008845346508384888,30940,Error test
0.005925982857522358,30960,Error train
0.00875180468454717,30960,Error test
0.006567698404893958,30980,Error train
0.009487551024989906,30980,Error test
0.006322345002692151,31000,Error train
0.008645727735112175,31000,Error test
0.007749836848727181,31020,Error train
0.010785816962697838,31020,Error test
0.005207309963607093,31040,Error train
0.007881581493594556,31040,Error test
0.005664242736972005,31060,Error train
0.008475872515656846,31060,Error test
0.005359633352682022,31080,Error train
0.007835401235104261,31080,Error test
0.005673974387400338,31100,Error train
0.008460634179026521,31100,Error test
0.005925291374260966,31120,Error train
0.00825319694122325,31120,Error test
0.005169070395647971,31140,Error train
0.0077083636677564606,31140,Error test
0.005338253109585841,31160,Error train
0.008052165619403842,31160,Error test
0.005655162350193364,31180,Error train
0.00806184336858157,31180,Error test
0.005686056879317003,31200,Error train
0.008058197895926189,31200,Error test
0.005312588290911634,31220,Error train
0.007780120084203344,31220,Error test
0.005670326398578601,31240,Error train
0.008041860511730402,31240,Error test
0.005202815001660508,31260,Error train
0.007713597871230861,31260,Error test
0.0054647531508775615,31280,Error train
0.008193513196115951,31280,Error test
0.006567365171748482,31300,Error train
0.008846938374676531,31300,Error test
0.006385639877932248,31320,Error train
0.008681305970080216,31320,Error test
0.005173384270178391,31340,Error train
0.007851041231479106,31340,Error test
0.005373412100337356,31360,Error train
0.008096761904401282,31360,Error test
0.005153842689158813,31380,Error train
0.00781965527917348,31380,Error test
0.005539800298029272,31400,Error train
0.007989714986447611,31400,Error test
0.006681552777441701,31420,Error train
0.008967024429903166,31420,Error test
0.005290100154649679,31440,Error train
0.007810607609163675,31440,Error test
0.006288454473702722,31460,Error train
0.008611400128470314,31460,Error test
0.005804915441824336,31480,Error train
0.008657196447025096,31480,Error test
0.005126791746955776,31500,Error train
0.007782002628383553,31500,Error test
0.005165216040262807,31520,Error train
0.007715919383722554,31520,Error test
0.005744537118290385,31540,Error train
0.008118038438140815,31540,Error test
0.005710158814370295,31560,Error train
0.008096785402516545,31560,Error test
0.005244934796437431,31580,Error train
0.00788276304285334,31580,Error test
0.008237146360024879,31600,Error train
0.011279714023786126,31600,Error test
0.005657596164246401,31620,Error train
0.008037205039583125,31620,Error test
0.006124618910294821,31640,Error train
0.008446407505564578,31640,Error test
0.005134116384568428,31660,Error train
0.0077451343783868695,31660,Error test
0.00538906340455257,31680,Error train
0.00814437376820246,31680,Error test
0.006059663482285496,31700,Error train
0.008937824549693161,31700,Error test
0.00565193262231081,31720,Error train
0.008469420229269827,31720,Error test
0.0051135230050805575,31740,Error train
0.007736881160099506,31740,Error test
0.005117278610606412,31760,Error train
0.0077015279716334956,31760,Error test
0.0051530902643697925,31780,Error train
0.007705307410649967,31780,Error test
0.005863942084066962,31800,Error train
0.008226711232364627,31800,Error test
0.005995766401402225,31820,Error train
0.008344354655084112,31820,Error test
0.0058917768775366254,31840,Error train
0.008720490891914524,31840,Error test
0.0055485456991954535,31860,Error train
0.008294377317923438,31860,Error test
0.005199494240234603,31880,Error train
0.00785016089870582,31880,Error test
0.006159896541249954,31900,Error train
0.00848507385900447,31900,Error test
0.005172694678934008,31920,Error train
0.007715176338230857,31920,Error test
0.0058837825796780275,31940,Error train
0.008712478673850513,31940,Error test
0.0056988193705009215,31960,Error train
0.008098394089658187,31960,Error test
0.00630980735341015,31980,Error train
0.009211116786055256,31980,Error test
0.005294720308702325,32000,Error train
0.007795710135903739,32000,Error test
0.005250379039393065,32020,Error train
0.007770664965197237,32020,Error test
0.0051030937193017436,32040,Error train
0.00772329357700014,32040,Error test
0.00537457842373093,32060,Error train
0.008086229004123686,32060,Error test
0.005154918219095628,32080,Error train
0.007755181467713956,32080,Error test
0.007542630217189321,32100,Error train
0.00970612506492009,32100,Error test
0.0051637413479753815,32120,Error train
0.007744250107929148,32120,Error test
0.005540178756545629,32140,Error train
0.00827888815305874,32140,Error test
0.00536828000979013,32160,Error train
0.007842796159866355,32160,Error test
0.005160421729775894,32180,Error train
0.00770746269083657,32180,Error test
0.005229166271021249,32200,Error train
0.007727659038890771,32200,Error test
0.0056869948542302715,32220,Error train
0.00845662938236268,32220,Error test
0.006375923679513329,32240,Error train
0.008647290193535969,32240,Error test
0.005169051375591224,32260,Error train
0.007711129068727361,32260,Error test
0.005207478951672179,32280,Error train
0.0077211416723098145,32280,Error test
0.007506428834423418,32300,Error train
0.0105271391626118,32300,Error test
0.006108682671300274,32320,Error train
0.008442260449230366,32320,Error test
0.0055889655872017625,32340,Error train
0.008395808651458963,32340,Error test
0.005271488747256031,32360,Error train
0.00777123413413862,32360,Error test
0.005133746596646745,32380,Error train
0.0077050209966648825,32380,Error test
0.005382817386294885,32400,Error train
0.008126099762176032,32400,Error test
0.005643126610844661,32420,Error train
0.00844464241620247,32420,Error test
0.006282585126849116,32440,Error train
0.00915576679235335,32440,Error test
0.006862104936966311,32460,Error train
0.009092651830481259,32460,Error test
0.005882758546824668,32480,Error train
0.00868170227266738,32480,Error test
0.005167797351377309,32500,Error train
0.0077512253827138125,32500,Error test
0.005132438286268897,32520,Error train
0.007741930878905947,32520,Error test
0.00515102745890743,32540,Error train
0.007715810566226781,32540,Error test
0.00547561476210443,32560,Error train
0.008174851466885048,32560,Error test
0.005144651712843791,32580,Error train
0.0077281195937000165,32580,Error test
0.005168579611546391,32600,Error train
0.00771247761419881,32600,Error test
0.0051688109041569535,32620,Error train
0.007841081568648949,32620,Error test
0.005697590947925674,32640,Error train
0.008477372581945234,32640,Error test
0.005538576685847324,32660,Error train
0.007950979333834025,32660,Error test
0.0053105759386623125,32680,Error train
0.007771907425001884,32680,Error test
0.0057389781259381545,32700,Error train
0.00849100823532294,32700,Error test
0.005300393502492849,32720,Error train
0.007964378781645298,32720,Error test
0.0054888596822766636,32740,Error train
0.007911774708537152,32740,Error test
0.005444107956026505,32760,Error train
0.007851455326661488,32760,Error test
0.0056684162669579955,32780,Error train
0.00841147579082757,32780,Error test
0.005768960881654658,32800,Error train
0.008121984473260407,32800,Error test
0.005540466662781239,32820,Error train
0.0082750795268558,32820,Error test
0.005176637523635395,32840,Error train
0.0077629770561997045,32840,Error test
0.005166885329007483,32860,Error train
0.007703340772112961,32860,Error test
0.005391965319137155,32880,Error train
0.008137206192992666,32880,Error test
0.005662359620342307,32900,Error train
0.008065520933729784,32900,Error test
0.00512892107342488,32920,Error train
0.007723880365488855,32920,Error test
0.006082131391250469,32940,Error train
0.008433568432560894,32940,Error test
0.005131830348982308,32960,Error train
0.007800132311333646,32960,Error test
0.008001894059688312,32980,Error train
0.010136888032837826,32980,Error test
0.005834096145293395,33000,Error train
0.008188667326603517,33000,Error test
0.006044506163195979,33020,Error train
0.008902882484066824,33020,Error test
0.0051044366673766205,33040,Error train
0.007719479842977761,33040,Error test
0.005144499072184216,33060,Error train
0.007700319944059386,33060,Error test
0.005146608016226799,33080,Error train
0.007749339900022462,33080,Error test
0.005114954187314432,33100,Error train
0.0076983082648622745,33100,Error test
0.006473190665588669,33120,Error train
0.009370401729779931,33120,Error test
0.006081752949633374,33140,Error train
0.0084145524242867,33140,Error test
0.005712965817834786,33160,Error train
0.008504605376609296,33160,Error test
0.005550619859278,33180,Error train
0.007962590018850427,33180,Error test
0.00518828575007299,33200,Error train
0.007820008466985228,33200,Error test
0.005665099599527964,33220,Error train
0.008032769220946223,33220,Error test
0.005191785541899185,33240,Error train
0.007715476438101942,33240,Error test
0.006756971209110424,33260,Error train
0.008994100128164415,33260,Error test
0.006684117008392453,33280,Error train
0.008918342703985803,33280,Error test
0.005243055690167086,33300,Error train
0.007876480817546742,33300,Error test
0.005603311718761015,33320,Error train
0.007996583484962634,33320,Error test
0.005411862325768052,33340,Error train
0.007863263624038108,33340,Error test
0.005687783275720808,33360,Error train
0.008092322352760901,33360,Error test
0.005279932371728854,33380,Error train
0.007771889016164047,33380,Error test
0.005113618181970933,33400,Error train
0.007799015888710035,33400,Error test
0.005203663217663295,33420,Error train
0.007731964775944765,33420,Error test
0.006082459422121151,33440,Error train
0.008420355246833926,33440,Error test
0.005245403919138637,33460,Error train
0.007741075768055226,33460,Error test
0.006038697020184394,33480,Error train
0.008350992115169178,33480,Error test
0.005150405053669252,33500,Error train
0.007699307310500239,33500,Error test
0.0056327714691849235,33520,Error train
0.008024973222419081,33520,Error test
0.005182096630632102,33540,Error train
0.007816062403610049,33540,Error test
0.0052733681640823775,33560,Error train
0.0077537009573983105,33560,Error test
0.005661629732751017,33580,Error train
0.008041837897908043,33580,Error test
0.005359071214197303,33600,Error train
0.007824448530059012,33600,Error test
0.005961490566579397,33620,Error train
0.008782331842254213,33620,Error test
0.005146772437798421,33640,Error train
0.007700540483875547,33640,Error test
0.005212248816889643,33660,Error train
0.007885941650131007,33660,Error test
0.006861621398579977,33680,Error train
0.009087526274191151,33680,Error test
0.005127793538332825,33700,Error train
0.007697641911099229,33700,Error test
0.005375107640732873,33720,Error train
0.00783792558751517,33720,Error test
0.005309387960855804,33740,Error train
0.007782437363048459,33740,Error test
0.005315101611403303,33760,Error train
0.00802587400479948,33760,Error test
0.005208845460243976,33780,Error train
0.007875068687432615,33780,Error test
0.005122135355814495,33800,Error train
0.007708611362001005,33800,Error test
0.006139062515790731,33820,Error train
0.008462970105734647,33820,Error test
0.0058348936773693445,33840,Error train
0.008211930219699317,33840,Error test
0.005098821664910803,33860,Error train
0.007714774476667838,33860,Error test
0.005196483177536011,33880,Error train
0.007712580517545765,33880,Error test
0.0052348453908143125,33900,Error train
0.007740497933650816,33900,Error test
0.005110389618205699,33920,Error train
0.007696752184378088,33920,Error test
0.005080840926776204,33940,Error train
0.007704720398628454,33940,Error test
0.006844191739245663,33960,Error train
0.009116478590211443,33960,Error test
0.0051991484535714545,33980,Error train
0.007953379857438388,33980,Error test
0.00524623776541904,34000,Error train
0.007982337346837511,34000,Error test
0.005467257531341566,34020,Error train
0.007927392647524628,34020,Error test
0.00563835831629361,34040,Error train
0.008072297466328269,34040,Error test
0.005774410320666973,34060,Error train
0.00816797760723964,34060,Error test
0.006807467500493596,34080,Error train
0.009774218068591946,34080,Error test
0.005067543551152665,34100,Error train
0.00772474197038347,34100,Error test
0.006202635515442682,34120,Error train
0.008531338443950903,34120,Error test
0.005974849088792777,34140,Error train
0.008315438982868469,34140,Error test
0.005118217051447454,34160,Error train
0.007769038910691593,34160,Error test
0.0051383617762088465,34180,Error train
0.007695853042919402,34180,Error test
0.005463847336554626,34200,Error train
0.007904033978182652,34200,Error test
0.005993744396333273,34220,Error train
0.008814495284369943,34220,Error test
0.005481318235899211,34240,Error train
0.00821922949007171,34240,Error test
0.005924708648933943,34260,Error train
0.008271344369302365,34260,Error test
0.00594188286154524,34280,Error train
0.008734913013348052,34280,Error test
0.006267276757283939,34300,Error train
0.00911248682394578,34300,Error test
0.005516460806322492,34320,Error train
0.008246202393712165,34320,Error test
0.005124003603121137,34340,Error train
0.00772495877493032,34340,Error test
0.006556902456879371,34360,Error train
0.008822576375765058,34360,Error test
0.005150893840465156,34380,Error train
0.0077660401164342495,34380,Error test
0.005939180421505925,34400,Error train
0.008284183960749283,34400,Error test
0.0059465170602451016,34420,Error train
0.008745083705956816,34420,Error test
0.005142606857378198,34440,Error train
0.0077507524019611,34440,Error test
0.005539138965546744,34460,Error train
0.00795097428846411,34460,Error test
0.005233804082545599,34480,Error train
0.007877308186542838,34480,Error test
0.005377313599924169,34500,Error train
0.008090838192152259,34500,Error test
0.00679182629659619,34520,Error train
0.009040071145242436,34520,Error test
0.005094405067629148,34540,Error train
0.007732030620293625,34540,Error test
0.005120709477450078,34560,Error train
0.0077187937210000486,34560,Error test
0.005090023259997476,34580,Error train
0.007733254587211609,34580,Error test
0.008771312688928994,34600,Error train
0.010882415312004214,34600,Error test
0.005231567005445707,34620,Error train
0.007979591677818384,34620,Error test
0.005112205425730103,34640,Error train
0.007700516842564632,34640,Error test
0.005153677270417361,34660,Error train
0.00789211836521485,34660,Error test
0.0050821063949896125,34680,Error train
0.007706555753334171,34680,Error test
0.006391958574640641,34700,Error train
0.009329220409139844,34700,Error test
0.00659382299048369,34720,Error train
0.008874177904680888,34720,Error test
0.012127759658690103,34740,Error train
0.015421244818912407,34740,Error test
0.00507919410443505,34760,Error train
0.0077083945312738595,34760,Error test
0.005106274165585788,34780,Error train
0.007699132655950242,34780,Error test
0.005089899140753814,34800,Error train
0.007699680902042123,34800,Error test
0.005412766927559203,34820,Error train
0.007884740577033164,34820,Error test
0.005120096554668805,34840,Error train
0.007698687305452488,34840,Error test
0.005169976217133446,34860,Error train
0.007735453411695923,34860,Error test
0.0060879909540247435,34880,Error train
0.008440074951822049,34880,Error test
0.0066923755509654325,34900,Error train
0.008974068602232736,34900,Error test
0.00510537357660418,34920,Error train
0.007708538352853211,34920,Error test
0.005102772857190943,34940,Error train
0.00770417877994938,34940,Error test
0.005113041428959542,34960,Error train
0.007705216743722275,34960,Error test
0.005103138628401681,34980,Error train
0.007693929849580292,34980,Error test
0.005911777630930824,35000,Error train
0.008290524173810073,35000,Error test
0.005242117513007086,35020,Error train
0.007957241818757338,35020,Error test
0.007781675709883039,35040,Error train
0.010845278744066563,35040,Error test
0.005890328272909849,35060,Error train
0.008286994321819547,35060,Error test
0.005233593658504506,35080,Error train
0.007998705063520581,35080,Error test
0.005144287961250062,35100,Error train
0.007858041434594067,35100,Error test
0.005202313085806214,35120,Error train
0.007731673680581503,35120,Error test
0.005104079320378452,35140,Error train
0.007732718037730104,35140,Error test
0.005519162261551575,35160,Error train
0.007939834501576202,35160,Error test
0.006449495856140306,35180,Error train
0.00873529584165089,35180,Error test
0.005243830142742592,35200,Error train
0.0077355270114945005,35200,Error test
0.0059443512758797674,35220,Error train
0.008305562488772279,35220,Error test
0.0051740334427365885,35240,Error train
0.007905798524249028,35240,Error test
0.005670673393017976,35260,Error train
0.008107008929640605,35260,Error test
0.006572010580759994,35280,Error train
0.008869850354382838,35280,Error test
0.005079282692899258,35300,Error train
0.00778208209604379,35300,Error test
0.005663996297656802,35320,Error train
0.008537472202855481,35320,Error test
0.0059865969248316196,35340,Error train
0.008342730109778738,35340,Error test
0.005896759656293407,35360,Error train
0.008257928059485338,35360,Error test
0.006279981516891355,35380,Error train
0.008590194427429445,35380,Error test
0.005195454791834415,35400,Error train
0.007732606579306747,35400,Error test
0.005520716791228739,35420,Error train
0.008339687248101748,35420,Error test
0.006300994601396266,35440,Error train
0.009222123775193538,35440,Error test
0.005152877444080343,35460,Error train
0.0077013214930721895,35460,Error test
0.005497478509437662,35480,Error train
0.007940637270355624,35480,Error test
0.005103584326851602,35500,Error train
0.007706911139442245,35500,Error test
0.005650849374738174,35520,Error train
0.008490480906790032,35520,Error test
0.005186172446272071,35540,Error train
0.007718469611180348,35540,Error test
0.005130849494610604,35560,Error train
0.007696242196960366,35560,Error test
0.005111295526043929,35580,Error train
0.007701839797926538,35580,Error test
0.00797830212288702,35600,Error train
0.010095758752552503,35600,Error test
0.005131907896277734,35620,Error train
0.007762123138395212,35620,Error test
0.0051270064419875585,35640,Error train
0.0077012041035638525,35640,Error test
0.010054603061134083,35660,Error train
0.01204132148917636,35660,Error test
0.005487472898799778,35680,Error train
0.00789402099195143,35680,Error test
0.0051683119831897216,35700,Error train
0.007699754443139259,35700,Error test
0.005150909105561281,35720,Error train
0.007767455190757798,35720,Error test
0.005884225444573721,35740,Error train
0.008238695000953504,35740,Error test
0.00529898329236187,35760,Error train
0.007757501410631222,35760,Error test
0.005275477677357493,35780,Error train
0.007751568271829153,35780,Error test
0.005264257261257078,35800,Error train
0.007739436882584771,35800,Error test
0.006372869286754004,35820,Error train
0.008659629547382178,35820,Error test
0.005360732217054807,35840,Error train
0.007810989260078966,35840,Error test
0.005819925336783512,35860,Error train
0.008181227761175006,35860,Error test
0.005111195831328008,35880,Error train
0.0076969893863239654,35880,Error test
0.005999906860839602,35900,Error train
0.008824454162364779,35900,Error test
0.005198692515609661,35920,Error train
0.007719435075184498,35920,Error test
0.005141420790806315,35940,Error train
0.007770979575201451,35940,Error test
0.005646107829855318,35960,Error train
0.008407673260166663,35960,Error test
0.005292436791032568,35980,Error train
0.007789686941956463,35980,Error test
0.005345402423089418,36000,Error train
0.007830241620227624,36000,Error test
0.00638979218108368,36020,Error train
0.008683365422236518,36020,Error test
0.005679637974665434,36040,Error train
0.00848822283060961,36040,Error test
0.005100821133846849,36060,Error train
0.007695593595107972,36060,Error test
0.005466383210688461,36080,Error train
0.00821857480521483,36080,Error test
0.006453482093999479,36100,Error train
0.00937396995435764,36100,Error test
0.005341580878970167,36120,Error train
0.00808974284349916,36120,Error test
0.005361805296544075,36140,Error train
0.008122196492205726,36140,Error test
0.005151604638696973,36160,Error train
0.007821044132552574,36160,Error test
0.005584350820905622,36180,Error train
0.007992752519011832,36180,Error test
0.0051938733932227685,36200,Error train
0.007702148035827108,36200,Error test
0.005513126200066116,36220,Error train
0.007939133695333913,36220,Error test
0.005173915315794248,36240,Error train
0.007705766330634189,36240,Error test
0.007893090168508548,36260,Error train
0.010907642971603291,36260,Error test
0.0052147521665998385,36280,Error train
0.007745739026457241,36280,Error test
0.0055304095350913575,36300,Error train
0.0079762748027974,36300,Error test
0.005853137504486063,36320,Error train
0.00823798198843731,36320,Error test
0.006591638384023742,36340,Error train
0.00952961168303729,36340,Error test
0.005418036290454527,36360,Error train
0.007870626973835032,36360,Error test
0.005255777869327103,36380,Error train
0.007748721146722432,36380,Error test
0.0053645505326144795,36400,Error train
0.007840935624483097,36400,Error test
0.005871533284116132,36420,Error train
0.008246674036750628,36420,Error test
0.005207194463555563,36440,Error train
0.007730126474789715,36440,Error test
0.005146418203629249,36460,Error train
0.007804315942167345,36460,Error test
0.00513233350954482,36480,Error train
0.00776876591067601,36480,Error test
0.005459545767039905,36500,Error train
0.008198313775860763,36500,Error test
0.006945642684783915,36520,Error train
0.009167669412658785,36520,Error test
0.005676904433698699,36540,Error train
0.008433525577828322,36540,Error test
0.0051941751844372065,36560,Error train
0.007705388183464816,36560,Error test
0.0053938289294475595,36580,Error train
0.00785237419002369,36580,Error test
0.005459889336971862,36600,Error train
0.00788490224132418,36600,Error test
0.005694688607011092,36620,Error train
0.008070295616841116,36620,Error test
0.0051520122128885515,36640,Error train
0.007694894321129311,36640,Error test
0.0051581588680187935,36660,Error train
0.007696990860271185,36660,Error test
0.0051452947082531045,36680,Error train
0.007753298520154184,36680,Error test
0.006166644555141537,36700,Error train
0.008483252194005204,36700,Error test
0.005646889223923945,36720,Error train
0.008436628727379674,36720,Error test
0.005096391580413069,36740,Error train
0.007708510797374046,36740,Error test
0.0056322859593567285,36760,Error train
0.008067056790897456,36760,Error test
0.005960431589573044,36780,Error train
0.008834238599984747,36780,Error test
0.010477867825813591,36800,Error train
0.013711430848819704,36800,Error test
0.005211648135407573,36820,Error train
0.007833072412965695,36820,Error test
0.005386667564884061,36840,Error train
0.00781268318521519,36840,Error test
0.0058729957586216505,36860,Error train
0.0082019091308653,36860,Error test
0.006588906023943039,36880,Error train
0.008827744246350798,36880,Error test
0.005160158625392889,36900,Error train
0.007747633818497482,36900,Error test
0.006941081675254127,36920,Error train
0.009131225485361348,36920,Error test
0.006534373123725321,36940,Error train
0.009382407746343262,36940,Error test
0.00547772085190961,36960,Error train
0.007889799913318991,36960,Error test
0.005339289864152359,36980,Error train
0.007789860651984104,36980,Error test
0.005198851490791569,37000,Error train
0.007835937852853348,37000,Error test
0.0068033818528605095,37020,Error train
0.009730786631224456,37020,Error test
0.005127797759582198,37040,Error train
0.007696931538690195,37040,Error test
0.005471242224576666,37060,Error train
0.008172497559530123,37060,Error test
0.0051798322123279995,37080,Error train
0.007699297341276466,37080,Error test
0.005132645165813651,37100,Error train
0.007701862114138725,37100,Error test
0.006409543696184529,37120,Error train
0.008679338226543924,37120,Error test
0.005332324740519366,37140,Error train
0.007793063909228702,37140,Error test
0.007623567676816528,37160,Error train
0.010610528113536185,37160,Error test
0.0054815125016132605,37180,Error train
0.007904751999930229,37180,Error test
0.006065059923277411,37200,Error train
0.00838394510319152,37200,Error test
0.005273517251220104,37220,Error train
0.007749924151686647,37220,Error test
0.0060822845724132196,37240,Error train
0.008401074191432358,37240,Error test
0.005104564198423638,37260,Error train
0.00770959418047142,37260,Error test
0.005226496994137944,37280,Error train
0.007728818162491039,37280,Error test
0.0051251281579099885,37300,Error train
0.007691808419934306,37300,Error test
0.005157219950116694,37320,Error train
0.007692437212477666,37320,Error test
0.005106918655537583,37340,Error train
0.007702863022691009,37340,Error test
0.005204304853243753,37360,Error train
0.007817718003998173,37360,Error test
0.008437848032445367,37380,Error train
0.010512236267075155,37380,Error test
0.005126145634916565,37400,Error train
0.007723817969084876,37400,Error test
0.005285691083280355,37420,Error train
0.007757195678588196,37420,Error test
0.0051484412114774095,37440,Error train
0.007694137711320325,37440,Error test
0.005213934533584454,37460,Error train
0.007727167730607799,37460,Error test
0.006365758646000814,37480,Error train
0.008670860007058773,37480,Error test
0.006294254923791758,37500,Error train
0.008587463320238168,37500,Error test
0.005212822180184509,37520,Error train
0.0077028419467326,37520,Error test
0.005668279746436458,37540,Error train
0.008048432037479888,37540,Error test
0.005339417569761836,37560,Error train
0.008068868958612665,37560,Error test
0.005250874546320456,37580,Error train
0.007743696244863178,37580,Error test
0.005646621453277641,37600,Error train
0.008045159818351529,37600,Error test
0.006981772691346275,37620,Error train
0.00922860718204806,37620,Error test
0.0055234936761253735,37640,Error train
0.007943459152341554,37640,Error test
0.005147640998177792,37660,Error train
0.0078092496449320495,37660,Error test
0.0051113347972343145,37680,Error train
0.007750294716911108,37680,Error test
0.006523654419913093,37700,Error train
0.009439083951051443,37700,Error test
0.005926550895297506,37720,Error train
0.00828015079519511,37720,Error test
0.005532836852576894,37740,Error train
0.007967808489333848,37740,Error test
0.007138702108294629,37760,Error train
0.009337935949414646,37760,Error test
0.005148832396974845,37780,Error train
0.007694847226786068,37780,Error test
0.007915816133920008,37800,Error train
0.010039328119086702,37800,Error test
0.005248028742215511,37820,Error train
0.00773864606882062,37820,Error test
0.0055913672486531465,37840,Error train
0.008009092730626695,37840,Error test
0.005124965764628404,37860,Error train
0.00769020099246469,37860,Error test
0.0051681224142253925,37880,Error train
0.007798713442320476,37880,Error test
0.005924353304170429,37900,Error train
0.00828763705993691,37900,Error test
0.005823039772674283,37920,Error train
0.008644276521359408,37920,Error test
0.006098655944409693,37940,Error train
0.008414511753650246,37940,Error test
0.005136902556763403,37960,Error train
0.007696750599335757,37960,Error test
0.005869875797894951,37980,Error train
0.008209065428225918,37980,Error test
0.005145893740952203,38000,Error train
0.007692632754963867,38000,Error test
0.0056772381206394,38020,Error train
0.008068715958398802,38020,Error test
0.005891436510603004,38040,Error train
0.00823762206300323,38040,Error test
0.005785000155981607,38060,Error train
0.00814797246324832,38060,Error test
0.005363794932464466,38080,Error train
0.007796565371086362,38080,Error test
0.005389479931103472,38100,Error train
0.007807644361976911,38100,Error test
0.005302386410158012,38120,Error train
0.007921952222227269,38120,Error test
0.005261316902189013,38140,Error train
0.0077452080568858675,38140,Error test
0.0051860623541835965,38160,Error train
0.007839658794791466,38160,Error test
0.005135446061350566,38180,Error train
0.007702716569451029,38180,Error test
0.006011392903192953,38200,Error train
0.008346386159433469,38200,Error test
0.005119392285638271,38220,Error train
0.007739657125273334,38220,Error test
0.005174746864517363,38240,Error train
0.007811479806100135,38240,Error test
0.005700535285177205,38260,Error train
0.008091741100911095,38260,Error test
0.00563781480106754,38280,Error train
0.008032503294597518,38280,Error test
0.005362366965698818,38300,Error train
0.00805649651672734,38300,Error test
0.00516552145243604,38320,Error train
0.007802758821091677,38320,Error test
0.007128782626925822,38340,Error train
0.009321476629921157,38340,Error test
0.007268437464418177,38360,Error train
0.010217817096606326,38360,Error test
0.00614482945858706,38380,Error train
0.00898361399158698,38380,Error test
0.005135622976919585,38400,Error train
0.007734101661665776,38400,Error test
0.005317130133439547,38420,Error train
0.007773640938557693,38420,Error test
0.00522561678459495,38440,Error train
0.00789596594411124,38440,Error test
0.005163872790334505,38460,Error train
0.007702415071784673,38460,Error test
0.005114070603920192,38480,Error train
0.007688410311540737,38480,Error test
0.005299009211304161,38500,Error train
0.008043409425396974,38500,Error test
0.005432457724503404,38520,Error train
0.00822275082630724,38520,Error test
0.0059796383192945715,38540,Error train
0.00834990296505886,38540,Error test
0.00536496382972393,38560,Error train
0.007825540114099493,38560,Error test
0.0057517097681490095,38580,Error train
0.008552537866678412,38580,Error test
0.005218354509045874,38600,Error train
0.007723127817687499,38600,Error test
0.005125102138148722,38620,Error train
0.007747391937800578,38620,Error test
0.005127224873124167,38640,Error train
0.007724307044794561,38640,Error test
0.00624503267490615,38660,Error train
0.009099856632084825,38660,Error test
0.005599320007101649,38680,Error train
0.007999094867631595,38680,Error test
0.0060853675415237715,38700,Error train
0.008410406637204418,38700,Error test
0.005890706775650106,38720,Error train
0.008241682432909715,38720,Error test
0.005237467719040774,38740,Error train
0.007739743909496587,38740,Error test
0.005657563661722673,38760,Error train
0.008056366218555334,38760,Error test
0.00519649342458867,38780,Error train
0.007715399565743122,38780,Error test
0.005186667286434707,38800,Error train
0.007710391082761322,38800,Error test
0.00590168424314863,38820,Error train
0.008256215439614517,38820,Error test
0.006453890501502086,38840,Error train
0.008734009830369639,38840,Error test
0.005754463692309506,38860,Error train
0.008134569835269122,38860,Error test
0.005104462554968243,38880,Error train
0.00771014209439143,38880,Error test
0.005431942072588888,38900,Error train
0.00818677633099829,38900,Error test
0.005132997815291176,38920,Error train
0.0076886172372356,38920,Error test
0.005890802713976788,38940,Error train
0.008242753935679387,38940,Error test
0.005977126566708955,38960,Error train
0.008293593730355663,38960,Error test
0.0057063621462195725,38980,Error train
0.008437119937659351,38980,Error test
0.0058590454410442925,39000,Error train
0.008206679129384612,39000,Error test
0.006306030291855531,39020,Error train
0.009176497285101963,39020,Error test
0.005390646546437701,39040,Error train
0.00784153681743646,39040,Error test
0.0051463445192201345,39060,Error train
0.007686930455610942,39060,Error test
0.006905723585794139,39080,Error train
0.009804537015798646,39080,Error test
0.005136225277626795,39100,Error train
0.007687322232462844,39100,Error test
0.005264926858921678,39120,Error train
0.00791755478179948,39120,Error test
0.005137675099910778,39140,Error train
0.007738074725913847,39140,Error test
0.005685663237483299,39160,Error train
0.008087489493769712,39160,Error test
0.005196859483433031,39180,Error train
0.007703227347910475,39180,Error test
0.006047392169266786,39200,Error train
0.008893945285803753,39200,Error test
0.005121611405696237,39220,Error train
0.007691469525731438,39220,Error test
0.007861501120122292,39240,Error train
0.01088163531903081,39240,Error test
0.005478354681552577,39260,Error train
0.007893347828986794,39260,Error test
0.005708155132386561,39280,Error train
0.008069697217996361,39280,Error test
0.0059322444646160875,39300,Error train
0.00872017307424595,39300,Error test
0.0065551423239002884,39320,Error train
0.00879673356031397,39320,Error test
0.005767438388437549,39340,Error train
0.008117973320336274,39340,Error test
0.005164949354782095,39360,Error train
0.007692078441029773,39360,Error test
0.005184005799970585,39380,Error train
0.007763125221223578,39380,Error test
0.0061004808848002245,39400,Error train
0.008922211473278239,39400,Error test
0.005301163917479028,39420,Error train
0.007755454466011829,39420,Error test
0.0052488092686982,39440,Error train
0.007880203429675787,39440,Error test
0.005158122044561767,39460,Error train
0.007760258403169589,39460,Error test
0.005638541143536726,39480,Error train
0.00803067258527696,39480,Error test
0.006718992086723933,39500,Error train
0.008967236953648924,39500,Error test
0.005547856748688982,39520,Error train
0.007974407291463313,39520,Error test
0.005959416324776776,39540,Error train
0.00830990339379686,39540,Error test
0.0051793896062993445,39560,Error train
0.0077009181035242805,39560,Error test
0.005948337713180289,39580,Error train
0.008282590528116507,39580,Error test
0.005117742652114725,39600,Error train
0.007748766770462992,39600,Error test
0.005544768726687038,39620,Error train
0.008312966533524306,39620,Error test
0.005755386972924734,39640,Error train
0.008128564269291767,39640,Error test
0.0052383114789711464,39660,Error train
0.007731570479938826,39660,Error test
0.00695140553660331,39680,Error train
0.009856246525134428,39680,Error test
0.005723114980694412,39700,Error train
0.00808415988546352,39700,Error test
0.005279224693794595,39720,Error train
0.007931566339293396,39720,Error test
0.008535529728878024,39740,Error train
0.011607587017963652,39740,Error test
0.005305802167389036,39760,Error train
0.007784821336526568,39760,Error test
0.005995667942806875,39780,Error train
0.00834342476985696,39780,Error test
0.005581652135144415,39800,Error train
0.00801743827603138,39800,Error test
0.005549256432249937,39820,Error train
0.007965309954306629,39820,Error test
0.005171916728972203,39840,Error train
0.007865990200821807,39840,Error test
0.005090849112347665,39860,Error train
0.0077123426827932435,39860,Error test
0.005845088816073143,39880,Error train
0.008687456572537609,39880,Error test
0.006270971348648971,39900,Error train
0.00920772962366809,39900,Error test
0.005297784981212936,39920,Error train
0.008058602286874283,39920,Error test
0.005412841535405502,39940,Error train
0.008145300658296785,39940,Error test
0.005261187001762955,39960,Error train
0.007751385858112662,39960,Error test
0.005247615462828728,39980,Error train
0.007733681229804516,39980,Error test
0.005140409931772455,40000,Error train
0.0077758990462139365,40000,Error test
0.006547548918580793,40020,Error train
0.008818817775819906,40020,Error test
0.005129685226802604,40040,Error train
0.007687057837843842,40040,Error test
0.00518627270943087,40060,Error train
0.007713846085469567,40060,Error test
0.00516428212143006,40080,Error train
0.007697081487344912,40080,Error test
0.0054387266342935245,40100,Error train
0.007867711398811011,40100,Error test
0.005154083056682947,40120,Error train
0.007720605490337309,40120,Error test
0.005517809895787134,40140,Error train
0.008221397403850738,40140,Error test
0.006306395921697997,40160,Error train
0.00860288346718248,40160,Error test
0.005572377081693649,40180,Error train
0.008309474398628084,40180,Error test
0.005448117635696221,40200,Error train
0.00815981524750356,40200,Error test
0.00514458538941769,40220,Error train
0.007690542858066614,40220,Error test
0.005128963869708703,40240,Error train
0.007742718596212688,40240,Error test
0.005969646417214867,40260,Error train
0.008796920627876778,40260,Error test
0.006026816490000279,40280,Error train
0.00886696892645568,40280,Error test
0.005586689991826664,40300,Error train
0.008383147673226609,40300,Error test
0.005128304276589265,40320,Error train
0.007746146445390886,40320,Error test
0.005132145199953421,40340,Error train
0.007773469367911165,40340,Error test
0.005612579826051566,40360,Error train
0.00842262036727558,40360,Error test
0.00684540026963073,40380,Error train
0.009091121505006213,40380,Error test
0.005112968076550668,40400,Error train
0.007687685873594948,40400,Error test
0.00510598815576701,40420,Error train
0.007693761532505445,40420,Error test
0.005095052879673787,40440,Error train
0.007705546693152102,40440,Error test
0.005330877247323607,40460,Error train
0.007834853623779914,40460,Error test
0.005834346336908816,40480,Error train
0.00821252619043798,40480,Error test
0.005305925824029286,40500,Error train
0.0077809121167203175,40500,Error test
0.005308135134349108,40520,Error train
0.0077845045586391595,40520,Error test
0.005843803890602439,40540,Error train
0.008205187514470582,40540,Error test
0.005665804964133845,40560,Error train
0.008053835475804167,40560,Error test
0.005757983390156965,40580,Error train
0.008568245540981415,40580,Error test
0.0076840710135101156,40600,Error train
0.00982871898313242,40600,Error test
0.006459836941621729,40620,Error train
0.0093128804754873,40620,Error test
0.005141522872803618,40640,Error train
0.007693841376209279,40640,Error test
0.0067316367638327376,40660,Error train
0.009672059779211133,40660,Error test
0.00585476406664072,40680,Error train
0.008221451035791569,40680,Error test
0.006416263531058403,40700,Error train
0.009312939310041613,40700,Error test
0.007186350487010701,40720,Error train
0.009387862670172654,40720,Error test
0.005841088499471736,40740,Error train
0.008202419030732938,40740,Error test
0.006816862919711139,40760,Error train
0.009063166936997406,40760,Error test
0.005134101791800612,40780,Error train
0.007736443675301954,40780,Error test
0.005200489848407551,40800,Error train
0.007700024115694769,40800,Error test
0.005679030548774552,40820,Error train
0.008387684559193595,40820,Error test
0.006643929448248707,40840,Error train
0.008900102961120602,40840,Error test
0.00608764953144302,40860,Error train
0.008430429553456966,40860,Error test
0.006464379902072961,40880,Error train
0.009385354287184091,40880,Error test
0.006742664500025725,40900,Error train
0.009004947411882118,40900,Error test
0.005575413530717968,40920,Error train
0.007983062179828504,40920,Error test
0.005843883541968101,40940,Error train
0.008662595966205272,40940,Error test
0.005170938147627159,40960,Error train
0.00785031532721607,40960,Error test
0.005132162688357423,40980,Error train
0.0077659923559179325,40980,Error test
0.005456254639708881,41000,Error train
0.007887996020702929,41000,Error test
0.005301753542041718,41020,Error train
0.00802589929162545,41020,Error test
0.005101550325663418,41040,Error train
0.007690684252865814,41040,Error test
0.006137512695830187,41060,Error train
0.008460397400954793,41060,Error test
0.005307966989277912,41080,Error train
0.007776494276928827,41080,Error test
0.005350398336039916,41100,Error train
0.007813234664123736,41100,Error test
0.006519276917777831,41120,Error train
0.008807647578966458,41120,Error test
0.006487729168822479,41140,Error train
0.009414336843298978,41140,Error test
0.005179018911167062,41160,Error train
0.007802805426605307,41160,Error test
0.005438602104495936,41180,Error train
0.008139763101875662,41180,Error test
0.0053421450991706105,41200,Error train
0.008035384496194892,41200,Error test
0.005123729001251772,41220,Error train
0.00770834468612286,41220,Error test
0.005538547821654457,41240,Error train
0.008327091000972136,41240,Error test
0.0058545043118563185,41260,Error train
0.008214878147241722,41260,Error test
0.005246151030790624,41280,Error train
0.007728076899372733,41280,Error test
0.005198089177215103,41300,Error train
0.007821951117641047,41300,Error test
0.005159496457816198,41320,Error train
0.007785202224472042,41320,Error test
0.006823698952536115,41340,Error train
0.009054514821276671,41340,Error test
0.005160019588260738,41360,Error train
0.007786228296924699,41360,Error test
0.007095552968200032,41380,Error train
0.009329944015047791,41380,Error test
0.0053404275919674525,41400,Error train
0.008071983883817439,41400,Error test
0.005370085070282969,41420,Error train
0.008056321532309806,41420,Error test
0.005165478886561957,41440,Error train
0.007830675091001308,41440,Error test
0.005852216837723095,41460,Error train
0.008639529619959872,41460,Error test
0.005660137997806975,41480,Error train
0.008054795483236668,41480,Error test
0.005134015636999723,41500,Error train
0.0077565363193528815,41500,Error test
0.005571187602588521,41520,Error train
0.007968502865937544,41520,Error test
0.005163412193430317,41540,Error train
0.007709468876298827,41540,Error test
0.00517843576189629,41560,Error train
0.007691803897669943,41560,Error test
0.006005940266776774,41580,Error train
0.008807005515979306,41580,Error test
0.005820100578393314,41600,Error train
0.0082004218605896,41600,Error test
0.005088563906057869,41620,Error train
0.007701457725452011,41620,Error test
0.00523914308556809,41640,Error train
0.007916593021479639,41640,Error test
0.005222988481875673,41660,Error train
0.0077366211692247305,41660,Error test
0.005124604372711245,41680,Error train
0.007766474289085781,41680,Error test
0.0053284322833931225,41700,Error train
0.007809878793591439,41700,Error test
0.0054320911600726374,41720,Error train
0.007896745097791251,41720,Error test
0.00507577061689086,41740,Error train
0.0077061434398388836,41740,Error test
0.005072868954447591,41760,Error train
0.007695402048156065,41760,Error test
0.005185201997540293,41780,Error train
0.007717522593406468,41780,Error test
0.0052024592053252425,41800,Error train
0.007915298010930664,41800,Error test
0.0055601971488983964,41820,Error train
0.008347559128390247,41820,Error test
0.0061385786067577495,41840,Error train
0.008466487475197244,41840,Error test
0.005095600457045093,41860,Error train
0.0076855990708356355,41860,Error test
0.005223445189327661,41880,Error train
0.007735502289364946,41880,Error test
0.005936731914019747,41900,Error train
0.008300420316113163,41900,Error test
0.005286442965305888,41920,Error train
0.007775022184284324,41920,Error test
0.007612433630484868,41940,Error train
0.009794599460357717,41940,Error test
0.0066195415217910804,41960,Error train
0.009537398817756858,41960,Error test
0.005997567713268362,41980,Error train
0.008347559411825961,41980,Error test
0.008598644702441949,42000,Error train
0.011640099957450903,42000,Error test
0.005463566454441249,42020,Error train
0.008210679008007132,42020,Error test
0.005125484807199196,42040,Error train
0.007702225817283672,42040,Error test
0.0051123528672073395,42060,Error train
0.007689505583063607,42060,Error test
0.005175127419286661,42080,Error train
0.007698962761120972,42080,Error test
0.0054862262860541295,42100,Error train
0.007930018425978482,42100,Error test
0.005163569199871365,42120,Error train
0.007700050252799734,42120,Error test
0.005237091760954978,42140,Error train
0.007734109209430255,42140,Error test
0.00507796512136282,42160,Error train
0.007692658364457573,42160,Error test
0.0051095798529523385,42180,Error train
0.007730470456942514,42180,Error test
0.005205703168418681,42200,Error train
0.007847826832215464,42200,Error test
0.0056385047709486625,42220,Error train
0.008027868897086435,42220,Error test
0.005412251186494639,42240,Error train
0.0081069364678122,42240,Error test
0.006133201336738163,42260,Error train
0.008415742746678678,42260,Error test
0.005275429544891419,42280,Error train
0.007729570985549941,42280,Error test
0.005810663969588533,42300,Error train
0.008155144707470344,42300,Error test
0.005581124913613516,42320,Error train
0.007981516643938565,42320,Error test
0.005283347356665906,42340,Error train
0.007754286368062998,42340,Error test
0.005176022931583547,42360,Error train
0.007785503533724607,42360,Error test
0.005545470141166749,42380,Error train
0.007955245759455836,42380,Error test
0.0054735461304147946,42400,Error train
0.008215203990261172,42400,Error test
0.005115493738672338,42420,Error train
0.007682494152103385,42420,Error test
0.005192692031455658,42440,Error train
0.00785637102379434,42440,Error test
0.005207328916433658,42460,Error train
0.007891144111335839,42460,Error test
0.005846155288682254,42480,Error train
0.008634519581687707,42480,Error test
0.00524377923913655,42500,Error train
0.00786103665555385,42500,Error test
0.005472949639909197,42520,Error train
0.008203728841021196,42520,Error test
0.0058055782647144375,42540,Error train
0.008193366406995773,42540,Error test
0.005256453907299725,42560,Error train
0.007989311219919549,42560,Error test
0.005433498418447943,42580,Error train
0.007898954140185358,42580,Error test
0.005255023698190419,42600,Error train
0.007761615845881891,42600,Error test
0.006214422816027279,42620,Error train
0.009091288123653564,42620,Error test
0.007499862947532596,42640,Error train
0.009706184560256431,42640,Error test
0.005604132754681714,42660,Error train
0.008032878325322497,42660,Error test
0.005181895786560143,42680,Error train
0.007880149518845463,42680,Error test
0.005980522231807264,42700,Error train
0.008823284233131496,42700,Error test
0.005103389328038915,42720,Error train
0.007679210898645909,42720,Error test
0.006673470690353508,42740,Error train
0.008952828473793965,42740,Error test
0.0068117471221771355,42760,Error train
0.009753723162413248,42760,Error test
0.005250983809728913,42780,Error train
0.007754346039740118,42780,Error test
0.006119160106903953,42800,Error train
0.008994921445091047,42800,Error test
0.005905465431680461,42820,Error train
0.008252326791349861,42820,Error test
0.005118159077385676,42840,Error train
0.007712536136546806,42840,Error test
0.005125031052825876,42860,Error train
0.00776221139593681,42860,Error test
0.005291252472413414,42880,Error train
0.007762754063030645,42880,Error test
0.006024361440954767,42900,Error train
0.008889258841319424,42900,Error test
0.0051106133274414975,42920,Error train
0.007681529759065378,42920,Error test
0.005276111810404824,42940,Error train
0.0077572396169321494,42940,Error test
0.00525552753091005,42960,Error train
0.00775159947626992,42960,Error test
0.00528956573706893,42980,Error train
0.007794889157654563,42980,Error test
0.007219434603359584,43000,Error train
0.009426660608977082,43000,Error test
0.006155723476629482,43020,Error train
0.008990716477696808,43020,Error test
0.0059251137299240605,43040,Error train
0.00825758707168304,43040,Error test
0.0051332605765285685,43060,Error train
0.007693737060808038,43060,Error test
0.005608746176657613,43080,Error train
0.007997783227519574,43080,Error test
0.0053078895462592484,43100,Error train
0.0080105542776326,43100,Error test
0.005154376804781465,43120,Error train
0.00780290095309052,43120,Error test
0.006075314360661094,43140,Error train
0.008959687345558869,43140,Error test
0.005285747388850148,43160,Error train
0.008017749733379716,43160,Error test
0.008158339414086287,43180,Error train
0.010290692656214205,43180,Error test
0.005164582734579896,43200,Error train
0.007851194851460927,43200,Error test
0.005613609349774051,43220,Error train
0.008024336999006149,43220,Error test
0.006183594799179863,43240,Error train
0.008504365610222837,43240,Error test
0.005772844878955374,43260,Error train
0.008572374812464357,43260,Error test
0.0051394930757273,43280,Error train
0.007785059600880419,43280,Error test
0.005368508367647957,43300,Error train
0.007801028364312833,43300,Error test
0.005402672530872379,43320,Error train
0.007841985894210408,43320,Error test
0.007622062858590928,43340,Error train
0.009783067245085245,43340,Error test
0.006070725549824236,43360,Error train
0.008901493482168342,43360,Error test
0.00558060865053549,43380,Error train
0.007992856727228482,43380,Error test
0.00643051888825583,43400,Error train
0.009342474870531416,43400,Error test
0.005109858610235772,43420,Error train
0.007693844613053575,43420,Error test
0.006945211001386587,43440,Error train
0.009160576491960922,43440,Error test
0.0059039435531483666,43460,Error train
0.008237421625514395,43460,Error test
0.006133456532334239,43480,Error train
0.008963858940765335,43480,Error test
0.005158189272492351,43500,Error train
0.0078096192374535545,43500,Error test
0.007650448465214179,43520,Error train
0.009806343429352488,43520,Error test
0.006341943577945378,43540,Error train
0.00864286113493196,43540,Error test
0.0055183805989624185,43560,Error train
0.008270876150158566,43560,Error test
0.005762975168845449,43580,Error train
0.008140628912247776,43580,Error test
0.005663666353901144,43600,Error train
0.008058190094272263,43600,Error test
0.005128636295798497,43620,Error train
0.007797356903860051,43620,Error test
0.005680542272970776,43640,Error train
0.008077348208244175,43640,Error test
0.005091942176047434,43660,Error train
0.007677094043823911,43660,Error test
0.005345751211505745,43680,Error train
0.007822985013337573,43680,Error test
0.005708525051207205,43700,Error train
0.008126451021646476,43700,Error test
0.005290801498437689,43720,Error train
0.00805182148353225,43720,Error test
0.006511723241748777,43740,Error train
0.008794811299815157,43740,Error test
0.005531954604150582,43760,Error train
0.00797503185535129,43760,Error test
0.0052684096865026975,43780,Error train
0.00798913163195879,43780,Error test
0.005157035466515674,43800,Error train
0.007831477283309558,43800,Error test
0.0051223378567877564,43820,Error train
0.007681522516562832,43820,Error test
0.005101300199756335,43840,Error train
0.007734841582563096,43840,Error test
0.005735013228286518,43860,Error train
0.00855418342628908,43860,Error test
0.005173090841240766,43880,Error train
0.007861368370986516,43880,Error test
0.005153473970221165,43900,Error train
0.0078524283740363,43900,Error test
0.00556241248971711,43920,Error train
0.008001578336880014,43920,Error test
0.005080155324513717,43940,Error train
0.007711050746899554,43940,Error test
0.005127251349979987,43960,Error train
0.007776232988971504,43960,Error test
0.00519569117643317,43980,Error train
0.00788915398831604,43980,Error test
0.005084582685829684,44000,Error train
0.007680206904027902,44000,Error test
0.007329611116522688,44020,Error train
0.010309088976479775,44020,Error test
0.005110297593193355,44040,Error train
0.007721662212095999,44040,Error test
0.005390017349894331,44060,Error train
0.008109774495750026,44060,Error test
0.00547833251456511,44080,Error train
0.008182475783792527,44080,Error test
0.006218851045643183,44100,Error train
0.008516043674604616,44100,Error test
0.005952369878800407,44120,Error train
0.008747682084915285,44120,Error test
0.005183334272070247,44140,Error train
0.007799155354585682,44140,Error test
0.0054693436518178104,44160,Error train
0.00788184669151895,44160,Error test
0.0052383100862020875,44180,Error train
0.007719944222764443,44180,Error test
0.005125454428411472,44200,Error train
0.007681131592391989,44200,Error test
0.0053798069723070404,44220,Error train
0.007811689282307456,44220,Error test
0.007827650944138582,44240,Error train
0.009981049905521337,44240,Error test
0.0053587257655796855,44260,Error train
0.008085179043401846,44260,Error test
0.005674434677499058,44280,Error train
0.008071621576737398,44280,Error test
0.005090917827760913,44300,Error train
0.007710347838502882,44300,Error test
0.005155190405024782,44320,Error train
0.007818009631466775,44320,Error test
0.0050844316063297585,44340,Error train
0.00770697177020829,44340,Error test
0.005107399237504742,44360,Error train
0.007730234083406443,44360,Error test
0.0053017079930726616,44380,Error train
0.008005801204322318,44380,Error test
0.00513695903327006,44400,Error train
0.007678474454259998,44400,Error test
0.007654498348258808,44420,Error train
0.009814428573196712,44420,Error test
0.005876805307524476,44440,Error train
0.008713148347554926,44440,Error test
0.005192633570262889,44460,Error train
0.007851967177339396,44460,Error test
0.005111141852381526,44480,Error train
0.007677591089079984,44480,Error test
0.005933780392205274,44500,Error train
0.00829115516203483,44500,Error test
0.00524787857278519,44520,Error train
0.007949160368934284,44520,Error test
0.005147443478165684,44540,Error train
0.007787182930965271,44540,Error test
0.005287503209411492,44560,Error train
0.007772022703762126,44560,Error test
0.005121640595839657,44580,Error train
0.0076781061072647054,44580,Error test
0.005113233998453419,44600,Error train
0.007729970009314424,44600,Error test
0.0051013849609630344,44620,Error train
0.007709227171244468,44620,Error test
0.005101742023997867,44640,Error train
0.007701806033022589,44640,Error test
0.005344943774042167,44660,Error train
0.007811099102486309,44660,Error test
0.005627373377532745,44680,Error train
0.008038706825747201,44680,Error test
0.007200794591362276,44700,Error train
0.009390163540297414,44700,Error test
0.006002566335863994,44720,Error train
0.008819004796573838,44720,Error test
0.0053139095154322216,44740,Error train
0.007778231568677158,44740,Error test
0.005183214702732949,44760,Error train
0.007788703581372173,44760,Error test
0.005911121340007828,44780,Error train
0.008241417838123793,44780,Error test
0.005229442938045439,44800,Error train
0.007707844213003158,44800,Error test
0.005310351477704956,44820,Error train
0.0077918485939863875,44820,Error test
0.005175298403530898,44840,Error train
0.007716526610022058,44840,Error test
0.006618446916177226,44860,Error train
0.00891679845641801,44860,Error test
0.005077100538696336,44880,Error train
0.007709442225211203,44880,Error test
0.005128582349900137,44900,Error train
0.007680919945874743,44900,Error test
0.008361219985717495,44920,Error train
0.011370374390246374,44920,Error test
0.005337487601641558,44940,Error train
0.008025425310617838,44940,Error test
0.005160911170611206,44960,Error train
0.007687353083504343,44960,Error test
0.005119935894053419,44980,Error train
0.007680706103122512,44980,Error test
0.005161299195502076,45000,Error train
0.007693763321338596,45000,Error test
0.005357481959911592,45020,Error train
0.007814923805359596,45020,Error test
0.005570733192744678,45040,Error train
0.007983618658793885,45040,Error test
0.005118709756026916,45060,Error train
0.007675579279300229,45060,Error test
0.008468655658700858,45080,Error train
0.011558101228123315,45080,Error test
0.005626513681384709,45100,Error train
0.008036176797223174,45100,Error test
0.005388732229000812,45120,Error train
0.007850493896918971,45120,Error test
0.006653856000728215,45140,Error train
0.00892832961639366,45140,Error test
0.0051689782309243615,45160,Error train
0.00784228753312957,45160,Error test
0.0059466134431617025,45180,Error train
0.008308954063859054,45180,Error test
0.006262180152621859,45200,Error train
0.008586483034013779,45200,Error test
0.005331921204614537,45220,Error train
0.007794247729078406,45220,Error test
0.005426302456478321,45240,Error train
0.008153517134811808,45240,Error test
0.00552329934339092,45260,Error train
0.008287327586168732,45260,Error test
0.005478068183176831,45280,Error train
0.008281316266295975,45280,Error test
0.005338295195075839,45300,Error train
0.00810519071576706,45300,Error test
0.005055547924982457,45320,Error train
0.007688210688911,45320,Error test
0.005066239062173072,45340,Error train
0.007693439612474259,45340,Error test
0.00509542820879213,45360,Error train
0.007693003110794937,45360,Error test
0.006386395473348936,45380,Error train
0.008698868558621599,45380,Error test
0.005090658359626977,45400,Error train
0.0076755911845020714,45400,Error test
0.005098756854586717,45420,Error train
0.007767536523203689,45420,Error test
0.0051973108639743115,45440,Error train
0.007713115396288635,45440,Error test
0.005081030017042377,45460,Error train
0.007687563497512534,45460,Error test
0.005847685084215968,45480,Error train
0.00822853652784378,45480,Error test
0.00646542947817095,45500,Error train
0.009376420839670486,45500,Error test
0.0061826333759202965,45520,Error train
0.008496467149787764,45520,Error test
0.006671053019986573,45540,Error train
0.008932437904695768,45540,Error test
0.005621487533548788,45560,Error train
0.00800485352929429,45560,Error test
0.005933339880502763,45580,Error train
0.008705708218598248,45580,Error test
0.005610099713957826,45600,Error train
0.008010879866489656,45600,Error test
0.005148668400066188,45620,Error train
0.007796123340076158,45620,Error test
0.005246217227246398,45640,Error train
0.007733859360266767,45640,Error test
0.0051213086064247,45660,Error train
0.007676131899766765,45660,Error test
0.005263216650539977,45680,Error train
0.007972123985325198,45680,Error test
0.006254782670505593,45700,Error train
0.008553331222517991,45700,Error test
0.005136706122897301,45720,Error train
0.007704248522135591,45720,Error test
0.00533308129843952,45740,Error train
0.007796404884384121,45740,Error test
0.005258957837781148,45760,Error train
0.00797410956807676,45760,Error test
0.005145440140779487,45780,Error train
0.007804121160924208,45780,Error test
0.006493550788248796,45800,Error train
0.009373094134194022,45800,Error test
0.005290875584518727,45820,Error train
0.007996345871885201,45820,Error test
0.00511647719863433,45840,Error train
0.007674837967062125,45840,Error test
0.005893587349942544,45860,Error train
0.00823902872989684,45860,Error test
0.0054337151531131675,45880,Error train
0.007862733982838953,45880,Error test
0.005225583542274221,45900,Error train
0.007710957982555311,45900,Error test
0.0064567354648109605,45920,Error train
0.008741983679426881,45920,Error test
0.005123269026500213,45940,Error train
0.007784793639620793,45940,Error test
0.006371773625350219,45960,Error train
0.0092597730297843,45960,Error test
0.005081291751307662,45980,Error train
0.007683279324289603,45980,Error test
0.005183227666737045,46000,Error train
0.007721559650648883,46000,Error test
0.005155572025792961,46020,Error train
0.007709828023947613,46020,Error test
0.005592198867621231,46040,Error train
0.008403593000282424,46040,Error test
0.005188280202240511,46060,Error train
0.007721569101718092,46060,Error test
0.0053607436134620375,46080,Error train
0.00813330662038819,46080,Error test
0.005235985654608149,46100,Error train
0.0077413459346758395,46100,Error test
0.0056596725374674,46120,Error train
0.008067461325126256,46120,Error test
0.0050903562647719655,46140,Error train
0.00769576319443367,46140,Error test
0.005268821684622035,46160,Error train
0.007748585219348417,46160,Error test
0.005257677906849283,46180,Error train
0.00776018459036006,46180,Error test
0.005202017916576274,46200,Error train
0.007888437171171329,46200,Error test
0.005560347329369974,46220,Error train
0.008318423767425346,46220,Error test
0.005153975832199042,46240,Error train
0.007782646150477837,46240,Error test
0.011044802425025651,46260,Error train
0.014208594904083586,46260,Error test
0.00515263671519389,46280,Error train
0.0076769810739087336,46280,Error test
0.006703356407724907,46300,Error train
0.008945802541220032,46300,Error test
0.0056686423373101735,46320,Error train
0.008039554300704186,46320,Error test
0.006030708853572065,46340,Error train
0.008812790965079424,46340,Error test
0.005168637522621962,46360,Error train
0.007679852828097996,46360,Error test
0.0053915680240695625,46380,Error train
0.007847009135275992,46380,Error test
0.00512862046722744,46400,Error train
0.0076732993719475515,46400,Error test
0.005160719297721345,46420,Error train
0.007685544872473615,46420,Error test
0.005648101647190661,46440,Error train
0.008034166868377872,46440,Error test
0.006570764891712924,46460,Error train
0.009452565343434994,46460,Error test
0.005122951635450873,46480,Error train
0.007670609202558048,46480,Error test
0.005179509941182806,46500,Error train
0.00786578018020128,46500,Error test
0.005094643364593947,46520,Error train
0.007677143480052463,46520,Error test
0.005207717668836539,46540,Error train
0.007897493408319594,46540,Error test
0.007387919871425236,46560,Error train
0.009601649575990764,46560,Error test
0.005650389408603778,46580,Error train
0.0084689367303274,46580,Error test
0.005462606480784172,46600,Error train
0.007904987095518254,46600,Error test
0.006740343992261016,46620,Error train
0.008980996857733743,46620,Error test
0.007990274362035204,46640,Error train
0.010964179198067666,46640,Error test
0.005103308707022886,46660,Error train
0.007671771893886118,46660,Error test
0.0050827850064740195,46680,Error train
0.007709261348234447,46680,Error test
0.005148177732552773,46700,Error train
0.007677890427026009,46700,Error test
0.005200933221165353,46720,Error train
0.00790518402387506,46720,Error test
0.005259086474257894,46740,Error train
0.007987676849127549,46740,Error test
0.005272725890239677,46760,Error train
0.00776617095408602,46760,Error test
0.0051700616296452406,46780,Error train
0.007697429416245591,46780,Error test
0.005845315658690732,46800,Error train
0.008680144405528771,46800,Error test
0.0050840440734580125,46820,Error train
0.0076709915711751136,46820,Error test
0.005594122911385818,46840,Error train
0.007982951417228778,46840,Error test
0.006985205379953475,46860,Error train
0.009215268249452227,46860,Error test
0.005939005282535272,46880,Error train
0.008286610632913643,46880,Error test
0.005674588391645326,46900,Error train
0.008070568311027296,46900,Error test
0.005091233225215389,46920,Error train
0.00772713051405437,46920,Error test
0.005395328123448075,46940,Error train
0.00784980321637707,46940,Error test
0.005103415422561058,46960,Error train
0.007782102363938518,46960,Error test
0.0106226019004481,46980,Error train
0.013820041018753285,46980,Error test
0.0050872357553129665,47000,Error train
0.007700247598134409,47000,Error test
0.005281057028310451,47020,Error train
0.007756877279631966,47020,Error test
0.005222638696633275,47040,Error train
0.007907386314773491,47040,Error test
0.005240990438550376,47060,Error train
0.007745908088042186,47060,Error test
0.0051759292288614,47080,Error train
0.007899755702996784,47080,Error test
0.005215351241079122,47100,Error train
0.007710334984532376,47100,Error test
0.00531952124554531,47120,Error train
0.00797926949712571,47120,Error test
0.005199276328596903,47140,Error train
0.007697617570814891,47140,Error test
0.005219480404202882,47160,Error train
0.007727123947144713,47160,Error test
0.005583234047340855,47180,Error train
0.00840185525134119,47180,Error test
0.005066578315686062,47200,Error train
0.0076653554605442716,47200,Error test
0.005681881899289829,47220,Error train
0.008083531218774663,47220,Error test
0.006010389772826494,47240,Error train
0.008364902088789108,47240,Error test
0.005854810737869179,47260,Error train
0.008220850084082718,47260,Error test
0.00637853310131572,47280,Error train
0.009272063975523563,47280,Error test
0.005088581557243847,47300,Error train
0.007665729171752172,47300,Error test
0.0056114948303162574,47320,Error train
0.008017035277898352,47320,Error test
0.005386225685388448,47340,Error train
0.007835705241224202,47340,Error test
0.005400422922558642,47360,Error train
0.007839755022720754,47360,Error test
0.005337522689644181,47380,Error train
0.008015823161365553,47380,Error test
0.005836784386438071,47400,Error train
0.008203543350181275,47400,Error test
0.005537597420225126,47420,Error train
0.007981541035960974,47420,Error test
0.005686447550865969,47440,Error train
0.008490678868644658,47440,Error test
0.005098258144106393,47460,Error train
0.007755939734026034,47460,Error test
0.008126921901651856,47480,Error train
0.011196949622255346,47480,Error test
0.005184999354268266,47500,Error train
0.0079167570184141,47500,Error test
0.005202235821261077,47520,Error train
0.007715091032554487,47520,Error test
0.005065615883449228,47540,Error train
0.007666480333689384,47540,Error test
0.006075010135169459,47560,Error train
0.008957861551907828,47560,Error test
0.005244895391166586,47580,Error train
0.007995073888540039,47580,Error test
0.005305634221267181,47600,Error train
0.00804778889416814,47600,Error test
0.005244304551805609,47620,Error train
0.007743913895802813,47620,Error test
0.005218838641947362,47640,Error train
0.007735712906183937,47640,Error test
0.005045311018914267,47660,Error train
0.007661463185318761,47660,Error test
0.005079551986430593,47680,Error train
0.0076612451459552285,47680,Error test
0.00589078130064502,47700,Error train
0.008753770143354465,47700,Error test
0.005095605467595858,47720,Error train
0.007701880028799541,47720,Error test
0.00584989944108702,47740,Error train
0.008677517527505214,47740,Error test
0.005370341572583684,47760,Error train
0.008125169046472933,47760,Error test
0.006122913793342918,47780,Error train
0.00841857463699735,47780,Error test
0.005691149798548148,47800,Error train
0.008055872663335498,47800,Error test
0.007197149220549339,47820,Error train
0.009388086993742864,47820,Error test
0.005467088519717364,47840,Error train
0.00788773236804648,47840,Error test
0.005330749931090283,47860,Error train
0.007785338971014601,47860,Error test
0.005732255639048736,47880,Error train
0.008106800485423464,47880,Error test
0.006972222871353469,47900,Error train
0.009182367189933507,47900,Error test
0.005784122877153226,47920,Error train
0.00814160312646492,47920,Error test
0.005196462246349585,47940,Error train
0.007853627370371145,47940,Error test
0.005183906022322416,47960,Error train
0.007838418772330895,47960,Error test
0.007075730319994671,47980,Error train
0.010009120788933868,47980,Error test
0.005461327483218054,48000,Error train
0.007901596122028511,48000,Error test
0.005289664258397683,48020,Error train
0.007771965298157634,48020,Error test
0.005076881919175056,48040,Error train
0.007674518234552618,48040,Error test
0.0056050847266678125,48060,Error train
0.00800446189815835,48060,Error test
0.005099781306548598,48080,Error train
0.007707127465390963,48080,Error test
0.005703312822063585,48100,Error train
0.008079646016928966,48100,Error test
0.005471291302391819,48120,Error train
0.008201450026754604,48120,Error test
0.005756704754170022,48140,Error train
0.008125638489192578,48140,Error test
0.0053399339124023375,48160,Error train
0.007800921088939567,48160,Error test
0.005436639451571281,48180,Error train
0.007871033675953763,48180,Error test
0.006164162441476015,48200,Error train
0.008498421530774687,48200,Error test
0.005966781993950362,48220,Error train
0.0083157418899642,48220,Error test
0.005996851244820339,48240,Error train
0.00883917562407176,48240,Error test
0.005489629611708687,48260,Error train
0.008280231872512665,48260,Error test
0.005247417921152407,48280,Error train
0.00773005366283276,48280,Error test
0.005439486553960599,48300,Error train
0.007892878857192542,48300,Error test
0.0055241196408466805,48320,Error train
0.007948445291839011,48320,Error test
0.0052127364904745324,48340,Error train
0.007892421000891858,48340,Error test
0.005118422921547003,48360,Error train
0.007667635955833866,48360,Error test
0.0051452409003670645,48380,Error train
0.0076820573197955554,48380,Error test
0.005268637213773206,48400,Error train
0.007754697636828485,48400,Error test
0.005232531189038659,48420,Error train
0.007882175616736839,48420,Error test
0.005576856814439486,48440,Error train
0.007969204902726675,48440,Error test
0.005210888876206655,48460,Error train
0.007697907113925311,48460,Error test
0.005132830018372646,48480,Error train
0.007716356592187652,48480,Error test
0.005107127287228683,48500,Error train
0.00769939962011306,48500,Error test
0.005774976946980449,48520,Error train
0.008136453978625474,48520,Error test
0.0053283981482994645,48540,Error train
0.007770808815488634,48540,Error test
0.0053578999694037606,48560,Error train
0.007798965409446833,48560,Error test
0.005137494922418135,48580,Error train
0.007669217365044769,48580,Error test
0.006673630397991518,48600,Error train
0.008933785264902988,48600,Error test
0.0064272112754395205,48620,Error train
0.008723136005131322,48620,Error test
0.0052550785265652235,48640,Error train
0.007933962601289073,48640,Error test
0.005078714944675984,48660,Error train
0.007666807341961904,48660,Error test
0.00551788919817164,48680,Error train
0.008308290028180742,48680,Error test
0.0051105183635661465,48700,Error train
0.0076698715402199686,48700,Error test
0.005444743882562721,48720,Error train
0.00822480042653221,48720,Error test
0.005749555231935494,48740,Error train
0.008568066053251468,48740,Error test
0.006131610688786325,48760,Error train
0.008471431493423602,48760,Error test
0.005771503133170627,48780,Error train
0.008154622598235956,48780,Error test
0.005325770756669715,48800,Error train
0.007805413814669035,48800,Error test
0.006128363140219864,48820,Error train
0.009007576919835352,48820,Error test
0.006617958683074845,48840,Error train
0.008929663474904044,48840,Error test
0.005154016391866814,48860,Error train
0.00770693757999954,48860,Error test
0.005780501511580757,48880,Error train
0.00817160284704665,48880,Error test
0.005736554274384374,48900,Error train
0.008585923084700714,48900,Error test
0.0050759478499599175,48920,Error train
0.007680829888857348,48920,Error test
0.005389265714227564,48940,Error train
0.008150955021417636,48940,Error test
0.005119023594062764,48960,Error train
0.007668571914464336,48960,Error test
0.005084326994003374,48980,Error train
0.0076788602586873415,48980,Error test
0.005113661596561722,49000,Error train
0.007715166589364304,49000,Error test
0.005511267608434646,49020,Error train
0.007934556062144426,49020,Error test
0.00525972986142952,49040,Error train
0.00798064394070364,49040,Error test
0.005093551810267109,49060,Error train
0.007666845666041929,49060,Error test
0.005122380651123612,49080,Error train
0.007718402351437591,49080,Error test
0.005188706196062049,49100,Error train
0.0076926794692012395,49100,Error test
0.0051478982389718715,49120,Error train
0.007674943323713738,49120,Error test
0.005581590579618188,49140,Error train
0.008316277370895258,49140,Error test
0.005649717022327299,49160,Error train
0.008026487381844047,49160,Error test
0.011588833353411748,49180,Error train
0.014720244819408071,49180,Error test
0.005544015603850591,49200,Error train
0.007959413009132348,49200,Error test
0.0057415340388633105,49220,Error train
0.008123757920907686,49220,Error test
0.005117819146380602,49240,Error train
0.007667627927577034,49240,Error test
0.006326292735367952,49260,Error train
0.008638893426374911,49260,Error test
0.006349475664249653,49280,Error train
0.008674879530814342,49280,Error test
0.005210102501436768,49300,Error train
0.007923153052227181,49300,Error test
0.005114343976572177,49320,Error train
0.007668588141179919,49320,Error test
0.005682866656175505,49340,Error train
0.008477903406157802,49340,Error test
0.005096066604389055,49360,Error train
0.007688978142380545,49360,Error test
0.005104551622347156,49380,Error train
0.007719865116299688,49380,Error test
0.005143868994966122,49400,Error train
0.007682194828482827,49400,Error test
0.005065829987447153,49420,Error train
0.007661648022970778,49420,Error test
0.005081443398253705,49440,Error train
0.007661727198062583,49440,Error test
0.012430123863113126,49460,Error train
0.01571428825383108,49460,Error test
0.005108029063137555,49480,Error train
0.0076653844504863304,49480,Error test
0.005059995156756344,49500,Error train
0.007680152324641715,49500,Error test
0.005131030010938331,49520,Error train
0.007804772272165376,49520,Error test
0.005430221806133122,49540,Error train
0.007902947243641243,49540,Error test
0.005340478030853354,49560,Error train
0.007830485482750126,49560,Error test
0.005603139580975889,49580,Error train
0.00840930136298656,49580,Error test
0.005058258974725017,49600,Error train
0.007661281746393245,49600,Error test
0.005646537144445216,49620,Error train
0.008068209036668803,49620,Error test
0.007169827681039549,49640,Error train
0.009393651280658832,49640,Error test
0.005064691281031687,49660,Error train
0.007669995382359184,49660,Error test
0.005629304366293127,49680,Error train
0.008030289804239985,49680,Error test
0.005111893956485416,49700,Error train
0.007738652133273365,49700,Error test
0.006293506236564691,49720,Error train
0.00860395307421317,49720,Error test
0.005082557007121474,49740,Error train
0.007693347003788959,49740,Error test
0.00508177832087268,49760,Error train
0.007693707395608911,49760,Error test
0.005100362073375808,49780,Error train
0.007662645538009357,49780,Error test
0.005058533330987331,49800,Error train
0.007659107286540246,49800,Error test
0.006802033231010371,49820,Error train
0.009071243510394265,49820,Error test
0.006286586210831878,49840,Error train
0.00860947134085074,49840,Error test
0.005110587448561628,49860,Error train
0.007767274246271214,49860,Error test
0.005228432321463683,49880,Error train
0.007728053813440076,49880,Error test
0.005372861846760775,49900,Error train
0.007830564607723576,49900,Error test
0.006594089958630352,49920,Error train
0.009474069960613556,49920,Error test
0.006835836541908595,49940,Error train
0.009071683843265115,49940,Error test
0.0061070337835367194,49960,Error train
0.00841744165459994,49960,Error test
0.0051125525860697485,49980,Error train
0.007713395573441807,49980,Error test
0.007161635446050447,50000,Error train
0.00937479453502517,50000,Error test
0.005301064676135481,50020,Error train
0.00801733072785812,50020,Error test
0.005317794331893404,50040,Error train
0.00803511702620453,50040,Error test
0.005103727718363549,50060,Error train
0.007660567911871641,50060,Error test
0.006812197943850481,50080,Error train
0.009068442434536039,50080,Error test
0.005640471507274355,50100,Error train
0.008069436641081243,50100,Error test
0.005527344669999971,50120,Error train
0.008353355818012448,50120,Error test
0.005049030438333899,50140,Error train
0.007716289721897245,50140,Error test
0.005711227522790137,50160,Error train
0.00854503993475813,50160,Error test
0.005356166868436516,50180,Error train
0.007839459781101368,50180,Error test
0.005058489265499005,50200,Error train
0.007678751357932951,50200,Error test
0.005362203315461942,50220,Error train
0.008108933175908224,50220,Error test
0.0052003219791743206,50240,Error train
0.007905637502779743,50240,Error test
0.0053713059238955484,50260,Error train
0.007851733882855393,50260,Error test
0.006820392848210222,50280,Error train
0.009089593290467383,50280,Error test
0.005211412595031613,50300,Error train
0.007952293422005884,50300,Error test
0.00507074415088667,50320,Error train
0.00778125506252318,50320,Error test
0.0051860993505466494,50340,Error train
0.007732931857534328,50340,Error test
0.006056872642929365,50360,Error train
0.008436358163847574,50360,Error test
0.005282308849747837,50380,Error train
0.007779734161706608,50380,Error test
0.005285057891685068,50400,Error train
0.007772541961653579,50400,Error test
0.005117728181498464,50420,Error train
0.0076626174410354565,50420,Error test
0.0052937869682395475,50440,Error train
0.007998488680739426,50440,Error test
0.005215757615701489,50460,Error train
0.007732335138105506,50460,Error test
0.0053624813291935055,50480,Error train
0.007835719638354954,50480,Error test
0.005067343568838017,50500,Error train
0.007658763944278367,50500,Error test
0.005893228064027849,50520,Error train
0.008732491713491877,50520,Error test
0.0051971007070034225,50540,Error train
0.007711924659390804,50540,Error test
0.007713286334155194,50560,Error train
0.01071027672936728,50560,Error test
0.005102368625358578,50580,Error train
0.007776815854074245,50580,Error test
0.006728975130231995,50600,Error train
0.009723112438886006,50600,Error test
0.0050610163745537845,50620,Error train
0.0076615749645021405,50620,Error test
0.005435478512982232,50640,Error train
0.007899252676559368,50640,Error test
0.006494758933073048,50660,Error train
0.009417991221273023,50660,Error test
0.005824199732615139,50680,Error train
0.00821895589047444,50680,Error test
0.0067793292682197855,50700,Error train
0.009041744521607307,50700,Error test
0.006282232084064008,50720,Error train
0.009132203292460618,50720,Error test
0.005311736765174352,50740,Error train
0.0077840635963222745,50740,Error test
0.0054319549516533795,50760,Error train
0.00787791753624505,50760,Error test
0.005261128300174914,50780,Error train
0.007945625597927622,50780,Error test
0.005234313872265191,50800,Error train
0.007738564120799131,50800,Error test
0.005113687158303239,50820,Error train
0.0077655650680487,50820,Error test
0.005725818452281156,50840,Error train
0.00812287039723762,50840,Error test
0.005149810864078894,50860,Error train
0.007835983036072582,50860,Error test
0.005410597591154968,50880,Error train
0.007877645184133307,50880,Error test
0.005664781341543945,50900,Error train
0.008078717233118891,50900,Error test
0.0053592614968199495,50920,Error train
0.007810005688313111,50920,Error test
0.00514129959519864,50940,Error train
0.007780267642111062,50940,Error test
0.005196834781827492,50960,Error train
0.007701233681437792,50960,Error test
0.005335257503587796,50980,Error train
0.007800252819297169,50980,Error test
0.005131350300379421,51000,Error train
0.007673983851804785,51000,Error test
0.00589411337626295,51020,Error train
0.008731878637328144,51020,Error test
0.005596945658453672,51040,Error train
0.00833825566064212,51040,Error test
0.005461915605770628,51060,Error train
0.007882174549987993,51060,Error test
0.0051047646653179105,51080,Error train
0.0077106069010903925,51080,Error test
0.005112978607341822,51100,Error train
0.007770490146917152,51100,Error test
0.005554140500530618,51120,Error train
0.008343248243381722,51120,Error test
0.005257617413076553,51140,Error train
0.00775295651618854,51140,Error test
0.0051645018887502185,51160,Error train
0.007681269340545691,51160,Error test
0.0050937669380601265,51180,Error train
0.00774885060462071,51180,Error test
0.005364561749990867,51200,Error train
0.007832064711283416,51200,Error test
0.005079006762649331,51220,Error train
0.007681579515297924,51220,Error test
0.005134497090139761,51240,Error train
0.0076761229557327495,51240,Error test
0.005065829161031531,51260,Error train
0.007669581000969927,51260,Error test
0.0056540357706981615,51280,Error train
0.008087995696877693,51280,Error test
0.006011502438870935,51300,Error train
0.008386866963126894,51300,Error test
0.0065985377920076424,51320,Error train
0.00889946414977336,51320,Error test
0.005299776992275236,51340,Error train
0.008068780359403695,51340,Error test
0.006553090165794154,51360,Error train
0.00947207694619223,51360,Error test
0.005231412586251922,51380,Error train
0.007931800164028087,51380,Error test
0.0054646208341471,51400,Error train
0.008226662676689936,51400,Error test
0.005326830896360805,51420,Error train
0.0078036232305320336,51420,Error test
0.006611930312772171,51440,Error train
0.008886714406792888,51440,Error test
0.005549054300104279,51460,Error train
0.007960102227746702,51460,Error test
0.005125492941802664,51480,Error train
0.007668361110683411,51480,Error test
0.005502277555796193,51500,Error train
0.007930781125769278,51500,Error test
0.005107189861626055,51520,Error train
0.007746483215160752,51520,Error test
0.005700409216976202,51540,Error train
0.008482747073920287,51540,Error test
0.005145213660680512,51560,Error train
0.007778401317879031,51560,Error test
0.005456004451708791,51580,Error train
0.008212005465306356,51580,Error test
0.00544862483135662,51600,Error train
0.00788777479492513,51600,Error test
0.005122345076917928,51620,Error train
0.007747417874372117,51620,Error test
0.005789704739985386,51640,Error train
0.00855456342893221,51640,Error test
0.005110242745583042,51660,Error train
0.007655913123671006,51660,Error test
0.005932543493359733,51680,Error train
0.00875746271157922,51680,Error test
0.005404992533013941,51700,Error train
0.007859327956998566,51700,Error test
0.005071062901450042,51720,Error train
0.007734976542213164,51720,Error test
0.005118207179790782,51740,Error train
0.007669536842327649,51740,Error test
0.005150215379275651,51760,Error train
0.00782092205867451,51760,Error test
0.005324710030514901,51780,Error train
0.008018785237305447,51780,Error test
0.005529654131765579,51800,Error train
0.008245275021229893,51800,Error test
0.00520596838340243,51820,Error train
0.007692114922257222,51820,Error test
0.0056236588355833474,51840,Error train
0.008388349472452034,51840,Error test
0.006848530542438581,51860,Error train
0.009744247036579608,51860,Error test
0.005293764555279436,51880,Error train
0.007762462009202349,51880,Error test
0.005320026508034642,51900,Error train
0.007784087119965591,51900,Error test
0.00543302387357839,51920,Error train
0.007874311804776222,51920,Error test
0.006411994879443313,51940,Error train
0.008701792405955998,51940,Error test
0.0052864310769765764,51960,Error train
0.007755943983572047,51960,Error test
0.006103422957255681,51980,Error train
0.008888195725691772,51980,Error test
0.0051732829080897115,52000,Error train
0.007812355743374648,52000,Error test
0.00885816829474213,52020,Error train
0.01193454800903746,52020,Error test
0.005091349293811387,52040,Error train
0.00774888265604603,52040,Error test
0.006849431514129997,52060,Error train
0.009104660204072662,52060,Error test
0.006474010889685372,52080,Error train
0.00875182511731238,52080,Error test
0.005456127303314383,52100,Error train
0.008226748887855307,52100,Error test
0.005122318294185935,52120,Error train
0.007664196000882995,52120,Error test
0.0052289247453103415,52140,Error train
0.007928846397770244,52140,Error test
0.0074590794371913426,52160,Error train
0.01041457346470435,52160,Error test
0.005113863695140965,52180,Error train
0.007683590252895465,52180,Error test
0.005515038948981084,52200,Error train
0.008255599586040576,52200,Error test
0.0052149469353922305,52220,Error train
0.00783515132984275,52220,Error test
0.005280353114223845,52240,Error train
0.0077396758640580965,52240,Error test
0.005654930199164557,52260,Error train
0.008028547924359258,52260,Error test
0.005215651565009085,52280,Error train
0.007833020036061006,52280,Error test
0.005128431700978071,52300,Error train
0.007700135598465251,52300,Error test
0.006258694090532819,52320,Error train
0.00856118865492872,52320,Error test
0.005223336425538452,52340,Error train
0.007716360695668269,52340,Error test
0.00685986566952769,52360,Error train
0.009111200981068778,52360,Error test
0.005058153600231419,52380,Error train
0.007679508366284914,52380,Error test
0.005306085337516611,52400,Error train
0.0077914867776638485,52400,Error test
0.005130506069112759,52420,Error train
0.007779313510816525,52420,Error test
0.005210893833389718,52440,Error train
0.007888892557514154,52440,Error test
0.005077278324875399,52460,Error train
0.007654798115090193,52460,Error test
0.005107852427331996,52480,Error train
0.007660543982500053,52480,Error test
0.006002488059265055,52500,Error train
0.008350638610071712,52500,Error test
0.005214936222402928,52520,Error train
0.007902094071897715,52520,Error test
0.006117775870569169,52540,Error train
0.008451529728757684,52540,Error test
0.005358835585569911,52560,Error train
0.008135656418148774,52560,Error test
0.005629701502352254,52580,Error train
0.008471823936663845,52580,Error test
0.00505415344489954,52600,Error train
0.007803562495276421,52600,Error test
0.005104232200568249,52620,Error train
0.007655785091507534,52620,Error test
0.005616962813306071,52640,Error train
0.008021151099919327,52640,Error test
0.0055323838465770395,52660,Error train
0.008324683839445554,52660,Error test
0.005983308560129225,52680,Error train
0.008326483527928908,52680,Error test
0.005108278597085471,52700,Error train
0.007659919792974363,52700,Error test
0.005106127015857919,52720,Error train
0.007655610357463772,52720,Error test
0.005745142123774105,52740,Error train
0.00810401329322056,52740,Error test
0.005108442052377604,52760,Error train
0.007659621690702112,52760,Error test
0.006329727330785517,52780,Error train
0.008639776764960878,52780,Error test
0.00531341383136502,52800,Error train
0.0077773150367888896,52800,Error test
0.0052399825383274345,52820,Error train
0.007950252222933189,52820,Error test
0.00560748015279246,52840,Error train
0.008392799879369745,52840,Error test
0.005593986944249292,52860,Error train
0.008357424905019341,52860,Error test
0.005095305569633811,52880,Error train
0.007655481143072982,52880,Error test
0.0053743555732612205,52900,Error train
0.00784511809862132,52900,Error test
0.005072890913126393,52920,Error train
0.007750782958831187,52920,Error test
0.0050917362826833484,52940,Error train
0.007657217656226406,52940,Error test
0.005253273465885316,52960,Error train
0.007756195366300132,52960,Error test
0.007145378046853689,52980,Error train
0.010144695726282677,52980,Error test
0.005909411370954988,53000,Error train
0.008769577149043842,53000,Error test
0.005229902389309643,53020,Error train
0.007946428782792397,53020,Error test
0.005911660893066871,53040,Error train
0.008269887595757993,53040,Error test
0.006087901838061615,53060,Error train
0.008425010026227097,53060,Error test
0.005732108213160731,53080,Error train
0.008133212717341066,53080,Error test
0.005109289939402133,53100,Error train
0.007789733773823377,53100,Error test
0.005118587309526556,53120,Error train
0.007659123628322227,53120,Error test
0.005121181161635395,53140,Error train
0.007658099826698204,53140,Error test
0.006557994964095789,53160,Error train
0.009448487345520607,53160,Error test
0.00517731013095584,53180,Error train
0.00767239073907261,53180,Error test
0.005655808250323465,53200,Error train
0.008391560184535563,53200,Error test
0.006049258330617785,53220,Error train
0.008355002332149787,53220,Error test
0.006357916239323352,53240,Error train
0.008643180795119667,53240,Error test
0.005259417880817609,53260,Error train
0.007947389549197995,53260,Error test
0.005084846247273546,53280,Error train
0.007692447923069305,53280,Error test
0.005109083673943487,53300,Error train
0.007777922043307952,53300,Error test
0.005115317827569712,53320,Error train
0.007674076535836282,53320,Error test
0.0050615213873981425,53340,Error train
0.007676779288813659,53340,Error test
0.005278267596433124,53360,Error train
0.007765772985955666,53360,Error test
0.005098111815758217,53380,Error train
0.007655316938599224,53380,Error test
0.005171968698970833,53400,Error train
0.007687332791593544,53400,Error test
0.00600360646520207,53420,Error train
0.008351543926130182,53420,Error test
0.005831301650331242,53440,Error train
0.008196580602074462,53440,Error test
0.0051319745580305255,53460,Error train
0.007786742681834845,53460,Error test
0.005482956077680552,53480,Error train
0.007914219700881454,53480,Error test
0.00521970969119635,53500,Error train
0.0077272582984476415,53500,Error test
0.007283902700977365,53520,Error train
0.01024019309914012,53520,Error test
0.00694116134234975,53540,Error train
0.00990377305810247,53540,Error test
0.005923847271635854,53560,Error train
0.008290014084374655,53560,Error test
0.006513083267289595,53580,Error train
0.009427790261602384,53580,Error test
0.00510833990386796,53600,Error train
0.0077824037179282605,53600,Error test
0.005499313024856645,53620,Error train
0.007943134725284165,53620,Error test
0.005560137684588451,53640,Error train
0.00798799437428198,53640,Error test
0.0050832617380188495,53660,Error train
0.00767312786617213,53660,Error test
0.007366741844955276,53680,Error train
0.009590560264072467,53680,Error test
0.006028158267870981,53700,Error train
0.008399332695215169,53700,Error test
0.006495977966109645,53720,Error train
0.008810345663258798,53720,Error test
0.005393744928753526,53740,Error train
0.007876127754259868,53740,Error test
0.005051459979289402,53760,Error train
0.007724482941369616,53760,Error test
0.005522647313809962,53780,Error train
0.008290317524721967,53780,Error test
0.005116441337139321,53800,Error train
0.007672849904949512,53800,Error test
0.005049195027013843,53820,Error train
0.00767084199904666,53820,Error test
0.005416496881892602,53840,Error train
0.007887870442696805,53840,Error test
0.005059907396221757,53860,Error train
0.007700381163029446,53860,Error test
0.0058942519410447635,53880,Error train
0.008254276392368,53880,Error test
0.005704280886732912,53900,Error train
0.008085507025130716,53900,Error test
0.005072184562434989,53920,Error train
0.0076625667503712035,53920,Error test
0.0052947025713279295,53940,Error train
0.0077686612655544825,53940,Error test
0.005174559707261352,53960,Error train
0.007839692143619108,53960,Error test
0.005552779374693568,53980,Error train
0.007948572316453165,53980,Error test
0.005093537605969158,54000,Error train
0.0076853574393055,54000,Error test
0.005209808049217827,54020,Error train
0.007699330134520251,54020,Error test
0.005515340416768362,54040,Error train
0.00826049823718306,54040,Error test
0.0050666412005575465,54060,Error train
0.00770969766874316,54060,Error test
0.0051179659256337245,54080,Error train
0.00775895400615285,54080,Error test
0.006135154895087925,54100,Error train
0.009029195310877506,54100,Error test
0.005451336072118992,54120,Error train
0.00790256065580723,54120,Error test
0.005089838846469624,54140,Error train
0.007700868378629456,54140,Error test
0.006359952468186372,54160,Error train
0.008653465371678508,54160,Error test
0.005130049483188833,54180,Error train
0.007665266729518263,54180,Error test
0.005259180330626939,54200,Error train
0.007917393554074139,54200,Error test
0.005180566820493566,54220,Error train
0.007693076031941463,54220,Error test
0.005887436461484048,54240,Error train
0.008705584057296694,54240,Error test
0.005100099343258252,54260,Error train
0.007680159482462674,54260,Error test
0.006426363682316488,54280,Error train
0.0087017393424499,54280,Error test
0.0051122143451275345,54300,Error train
0.007659050722825452,54300,Error test
0.005580502842522264,54320,Error train
0.00797792983304625,54320,Error test
0.005343093780100973,54340,Error train
0.007794369552762311,54340,Error test
0.005299607477434889,54360,Error train
0.007766924846337984,54360,Error test
0.005184501707595153,54380,Error train
0.007684924625745631,54380,Error test
0.00579096518059598,54400,Error train
0.008161284993047253,54400,Error test
0.005120632731964229,54420,Error train
0.007765724079535419,54420,Error test
0.005489022404289139,54440,Error train
0.007910833641059,54440,Error test
0.005200515363905798,54460,Error train
0.007835013623031852,54460,Error test
0.005713441493809458,54480,Error train
0.00810721167699731,54480,Error test
0.005118452063185564,54500,Error train
0.007785567300367891,54500,Error test
0.005343384978807294,54520,Error train
0.008103274702750731,54520,Error test
0.005683744140943319,54540,Error train
0.008086102898271129,54540,Error test
0.0055528337485364464,54560,Error train
0.008328631838261331,54560,Error test
0.005246298886965635,54580,Error train
0.007937425876247937,54580,Error test
0.005466354357960363,54600,Error train
0.007902881043490123,54600,Error test
0.005374298693959721,54620,Error train
0.00783838305907625,54620,Error test
0.005139459430340928,54640,Error train
0.00786439425599489,54640,Error test
0.0061878391091259475,54660,Error train
0.00853281986420003,54660,Error test
0.0050565497670391705,54680,Error train
0.0076714147403143095,54680,Error test
0.005231267846625971,54700,Error train
0.007735849446088603,54700,Error test
0.005085430925692711,54720,Error train
0.007653853728355142,54720,Error test
0.005311264545251856,54740,Error train
0.007789297007390488,54740,Error test
0.005196774663026272,54760,Error train
0.0077041001812497,54760,Error test
0.005168195504663779,54780,Error train
0.007691587702647507,54780,Error test
0.005898617179218853,54800,Error train
0.008706725032312457,54800,Error test
0.00670378045209628,54820,Error train
0.009596901540281784,54820,Error test
0.005132753130663995,54840,Error train
0.007758783277785009,54840,Error test
0.007227718005661564,54860,Error train
0.009440325627841223,54860,Error test
0.005345763319299366,54880,Error train
0.00808353003303817,54880,Error test
0.005071209506892361,54900,Error train
0.0076670586110831355,54900,Error test
0.0065989641528298145,54920,Error train
0.00888247566301,54920,Error test
0.005453312405760684,54940,Error train
0.00790907500995788,54940,Error test
0.0050784339299319295,54960,Error train
0.007731983712168173,54960,Error test
0.005107606952837133,54980,Error train
0.0076514481714685225,54980,Error test
0.005471023132236578,55000,Error train
0.007905718880532073,55000,Error test
0.0063031473471361,55020,Error train
0.008608622187041663,55020,Error test
0.005085225821426024,55040,Error train
0.007717376916681117,55040,Error test
0.005437239205728317,55060,Error train
0.00787407541322138,55060,Error test
0.005430499825726998,55080,Error train
0.008216574094754148,55080,Error test
0.006599035060235248,55100,Error train
0.00887636387778836,55100,Error test
0.0051088002103854445,55120,Error train
0.007745746252136882,55120,Error test
0.005463078297234831,55140,Error train
0.007883296570464987,55140,Error test
0.0051051243201193554,55160,Error train
0.007659846097184087,55160,Error test
0.005420984599220162,55180,Error train
0.008231150442344516,55180,Error test
0.005503576539459983,55200,Error train
0.008371893860603791,55200,Error test
0.0052496665056521626,55220,Error train
0.007778263148685201,55220,Error test
0.005712274265675195,55240,Error train
0.008145686555551906,55240,Error test
0.005119485311078498,55260,Error train
0.00786250829927677,55260,Error test
0.005525927327764526,55280,Error train
0.007971315537957428,55280,Error test
0.005066061765704196,55300,Error train
0.007730974862327535,55300,Error test
0.00516301288028387,55320,Error train
0.007689636438637354,55320,Error test
0.005159772460891515,55340,Error train
0.0076779812599032955,55340,Error test
0.007212160617972468,55360,Error train
0.009418858845350377,55360,Error test
0.005102069203924858,55380,Error train
0.007654074070556375,55380,Error test
0.005122096008088853,55400,Error train
0.007723807140387194,55400,Error test
0.005130908207839207,55420,Error train
0.007661159545909584,55420,Error test
0.005692085796899071,55440,Error train
0.008092342467800731,55440,Error test
0.005407055368558595,55460,Error train
0.008181162843419605,55460,Error test
0.006682987164726398,55480,Error train
0.008963460772431119,55480,Error test
0.0052062073866274315,55500,Error train
0.007707031240687288,55500,Error test
0.005110778533962396,55520,Error train
0.007750609389694232,55520,Error test
0.005088129246586181,55540,Error train
0.007648336800559331,55540,Error test
0.008320774070947421,55560,Error train
0.011343496818994351,55560,Error test
0.005183688303418242,55580,Error train
0.007686724905002215,55580,Error test
0.007342816559596899,55600,Error train
0.009548445839800385,55600,Error test
0.0051792442896424875,55620,Error train
0.0076853134357063955,55620,Error test
0.0053338419821835365,55640,Error train
0.007784979700794723,55640,Error test
0.005277814233182484,55660,Error train
0.007746666940185799,55660,Error test
0.005166509883530058,55680,Error train
0.007824173201055377,55680,Error test
0.005078072302436574,55700,Error train
0.00764938404776813,55700,Error test
0.005357875624330387,55720,Error train
0.007810009899877837,55720,Error test
0.0054729654735335385,55740,Error train
0.007895351530266331,55740,Error test
0.005067502581268583,55760,Error train
0.0076530138771860315,55760,Error test
0.005607095435029182,55780,Error train
0.008383067410357305,55780,Error test
0.00545386166579073,55800,Error train
0.007894840334509696,55800,Error test
0.005080988133659145,55820,Error train
0.0076489075702342105,55820,Error test
0.005093033877689926,55840,Error train
0.007663066623513817,55840,Error test
0.005938574926656943,55860,Error train
0.008794694260431708,55860,Error test
0.005645012460524292,55880,Error train
0.00845443330143009,55880,Error test
0.0050720390249014416,55900,Error train
0.0076669956673485785,55900,Error test
0.0054310567785891975,55920,Error train
0.008181383669366266,55920,Error test
0.0050674586744294614,55940,Error train
0.00769833122463699,55940,Error test
0.005364852462449236,55960,Error train
0.007823647635132663,55960,Error test
0.0055385766650385155,55980,Error train
0.007956566364067823,55980,Error test
0.005083935095975132,56000,Error train
0.007658395447229078,56000,Error test
0.005545715289313724,56020,Error train
0.008300526603490899,56020,Error test
0.0067328799910870395,56040,Error train
0.00899292385589776,56040,Error test
0.005142019305285304,56060,Error train
0.007657733244707796,56060,Error test
0.006054941056847649,56080,Error train
0.008380005648463527,56080,Error test
0.005269642107195788,56100,Error train
0.00792334624631353,56100,Error test
0.0051242632591820755,56120,Error train
0.007757105504426113,56120,Error test
0.005421353745328557,56140,Error train
0.007849294582535044,56140,Error test
0.00513842765696963,56160,Error train
0.007656416720899759,56160,Error test
0.005371711496205563,56180,Error train
0.0078119019559529795,56180,Error test
0.005131372783524418,56200,Error train
0.007653866767247585,56200,Error test
0.005205240520070072,56220,Error train
0.007683334854274838,56220,Error test
0.005143456190332169,56240,Error train
0.007776546367135071,56240,Error test
0.0063089021937823885,56260,Error train
0.008587982790744847,56260,Error test
0.005354683721440547,56280,Error train
0.007790116214113144,56280,Error test
0.0053545677021302335,56300,Error train
0.008051043234825877,56300,Error test
0.0050509187551595735,56320,Error train
0.007670400524084014,56320,Error test
0.005575144175189028,56340,Error train
0.00833754147667899,56340,Error test
0.005116754991199601,56360,Error train
0.00766902787724857,56360,Error test
0.005230805301396932,56380,Error train
0.007910851357230188,56380,Error test
0.005385604851481209,56400,Error train
0.007850052650984875,56400,Error test
0.0065493758824697055,56420,Error train
0.008839996838106434,56420,Error test
0.00524730943100598,56440,Error train
0.007904097971743294,56440,Error test
0.005076409743935815,56460,Error train
0.007664753913321497,56460,Error test
0.007735004880428579,56480,Error train
0.009905704850178958,56480,Error test
0.005173192771588784,56500,Error train
0.007867930611255519,56500,Error test
0.005597030333298164,56520,Error train
0.008384783339190356,56520,Error test
0.00564171557908807,56540,Error train
0.008056263224871385,56540,Error test
0.005262513180100552,56560,Error train
0.00796811847890655,56560,Error test
0.0055085113410536166,56580,Error train
0.007931790039413909,56580,Error test
0.005444722328606266,56600,Error train
0.007893445256966747,56600,Error test
0.005047966101665754,56620,Error train
0.007666933857160638,56620,Error test
0.00511376405395264,56640,Error train
0.0076597388096305685,56640,Error test
0.005438401591164472,56660,Error train
0.007888892823940188,56660,Error test
0.0052453067821142205,56680,Error train
0.00775408023215393,56680,Error test
0.0066307864639434015,56700,Error train
0.008934032781352899,56700,Error test
0.006155266253876698,56720,Error train
0.008497580955309905,56720,Error test
0.005843046434439289,56740,Error train
0.008223330898861334,56740,Error test
0.005544488521376077,56760,Error train
0.00795935135377996,56760,Error test
0.005158442681199127,56780,Error train
0.007820512288105307,56780,Error test
0.0054335528972252484,56800,Error train
0.008162110933640417,56800,Error test
0.005209824512019402,56820,Error train
0.007903396340925337,56820,Error test
0.006764284257176063,56840,Error train
0.00904243625694876,56840,Error test
0.006810335343497703,56860,Error train
0.009087429444853221,56860,Error test
0.005068191899174491,56880,Error train
0.007661642664048218,56880,Error test
0.005066933293391451,56900,Error train
0.0076523426852942045,56900,Error test
0.007524709277338547,56920,Error train
0.010501501230670337,56920,Error test
0.005114190978595842,56940,Error train
0.007719219151404063,56940,Error test
0.005262489082047445,56960,Error train
0.007944206421002983,56960,Error test
0.005304115190663259,56980,Error train
0.007749748604775328,56980,Error test
0.005405333914086396,57000,Error train
0.007821664313104408,57000,Error test
0.0055497177336102255,57020,Error train
0.007947391374906505,57020,Error test
0.0054860226907546515,57040,Error train
0.007910359463326785,57040,Error test
0.0070789560569234885,57060,Error train
0.010023989839579138,57060,Error test
0.0072478357743546214,57080,Error train
0.009496560002703972,57080,Error test
0.005076418689618632,57100,Error train
0.007657422280566142,57100,Error test
0.009447420852772438,57120,Error train
0.012572742084183528,57120,Error test
0.00511630062299868,57140,Error train
0.007829201552909178,57140,Error test
0.00504396854086589,57160,Error train
0.00768221297181298,57160,Error test
0.0056001095679314265,57180,Error train
0.00803861612940965,57180,Error test
0.0050396860364461645,57200,Error train
0.007653551424432909,57200,Error test
0.005087670061490478,57220,Error train
0.007646347205674616,57220,Error test
0.0054161773890218715,57240,Error train
0.007874798555023436,57240,Error test
0.005811612081283905,57260,Error train
0.00820318456289501,57260,Error test
0.00507465742314987,57280,Error train
0.0076465012690204795,57280,Error test
0.005893603372784073,57300,Error train
0.008257808100438437,57300,Error test
0.0051111823883318724,57320,Error train
0.007648602943908709,57320,Error test
0.0051469573768963715,57340,Error train
0.007660982388311477,57340,Error test
0.005214340950699855,57360,Error train
0.007865045134938667,57360,Error test
0.00511040978641839,57380,Error train
0.007720821028700849,57380,Error test
0.0051097799727091555,57400,Error train
0.007648262229148734,57400,Error test
0.005571492265480347,57420,Error train
0.007958800836320739,57420,Error test
0.005866195998387242,57440,Error train
0.008236671351136194,57440,Error test
0.005292504469621279,57460,Error train
0.0077751888489281384,57460,Error test
0.005309092809836459,57480,Error train
0.007771111037496825,57480,Error test
0.005117195165114687,57500,Error train
0.007655785759111668,57500,Error test
0.005076261650164774,57520,Error train
0.007647520517782569,57520,Error test
0.005126352794225896,57540,Error train
0.007670346689219065,57540,Error test
0.005037558983230317,57560,Error train
0.007672754099006491,57560,Error test
0.005181683708963185,57580,Error train
0.007706659410479423,57580,Error test
0.005049276187728289,57600,Error train
0.007695141491918564,57600,Error test
0.006193339672921455,57620,Error train
0.008539891877996435,57620,Error test
0.00682865098938405,57640,Error train
0.009106544054449798,57640,Error test
0.005878424283661709,57660,Error train
0.008253774259980046,57660,Error test
0.005123166009932434,57680,Error train
0.007775101101647317,57680,Error test
0.005214233749245508,57700,Error train
0.0077153886345495875,57700,Error test
0.005103922049792944,57720,Error train
0.007746662511904059,57720,Error test
0.005075429708770652,57740,Error train
0.00764682999051424,57740,Error test
0.00653081345222492,57760,Error train
0.008807128355589626,57760,Error test
0.0058106484327262,57780,Error train
0.008599489423081476,57780,Error test
0.005140242537292964,57800,Error train
0.007776525356522957,57800,Error test
0.005112889267713516,57820,Error train
0.007702214759405727,57820,Error test
0.005579924362976935,57840,Error train
0.007992918562260611,57840,Error test
0.0081750892357486,57860,Error train
0.011214409800167127,57860,Error test
0.005202736578651493,57880,Error train
0.0077349551801407694,57880,Error test
0.005149670797049368,57900,Error train
0.007677268959597866,57900,Error test
0.005592990468485515,57920,Error train
0.00840999054010685,57920,Error test
0.005383017224768141,57940,Error train
0.008133216322121804,57940,Error test
0.005355604050467714,57960,Error train
0.007826276943634155,57960,Error test
0.005128002060840577,57980,Error train
0.007825249454345764,57980,Error test
0.005153724524714014,58000,Error train
0.007680815912224596,58000,Error test
0.005245056732294503,58020,Error train
0.0077247125046206715,58020,Error test
0.0056790634753334955,58040,Error train
0.00805304715374212,58040,Error test
0.0054945973443352265,58060,Error train
0.00790344839910241,58060,Error test
0.00512337497563838,58080,Error train
0.007732182692233638,58080,Error test
0.005137979783384212,58100,Error train
0.0076689199739642016,58100,Error test
0.005068441465238068,58120,Error train
0.0077179322447982575,58120,Error test
0.005092492150538313,58140,Error train
0.007744601251431806,58140,Error test
0.005465435796183786,58160,Error train
0.008199655581745511,58160,Error test
0.0051048963441912626,58180,Error train
0.007644879463318715,58180,Error test
0.005322660728669936,58200,Error train
0.00776897750120942,58200,Error test
0.005345510794963617,58220,Error train
0.007794159059723624,58220,Error test
0.006878457495981271,58240,Error train
0.009106816768812158,58240,Error test
0.005117691265867574,58260,Error train
0.007752199790456227,58260,Error test
0.005299318927863066,58280,Error train
0.007769385354794752,58280,Error test
0.005561426492467243,58300,Error train
0.007988699870175722,58300,Error test
0.005151207306767402,58320,Error train
0.007866756073831815,58320,Error test
0.007209437927530311,58340,Error train
0.009450097114699098,58340,Error test
0.005164497480671811,58360,Error train
0.007685766858452111,58360,Error test
0.005078630824093643,58380,Error train
0.007749770989380386,58380,Error test
0.005319595121895917,58400,Error train
0.007800213905498199,58400,Error test
0.0050942672262388675,58420,Error train
0.007752911175679608,58420,Error test
0.005043354808870247,58440,Error train
0.007688838761267645,58440,Error test
0.00514071222828737,58460,Error train
0.007783387505851,58460,Error test
0.00615422329774349,58480,Error train
0.00901720058345896,58480,Error test
0.005698578309648559,58500,Error train
0.008110515357618801,58500,Error test
0.005394107570941943,58520,Error train
0.007854447930786232,58520,Error test
0.005959816049251786,58540,Error train
0.008805540687763583,58540,Error test
0.005158314528380568,58560,Error train
0.0076812285441478,58560,Error test
0.005111186669235368,58580,Error train
0.007650697976152345,58580,Error test
0.005415363689240958,58600,Error train
0.007829949578836764,58600,Error test
0.005105637271901293,58620,Error train
0.007660383630865177,58620,Error test
0.005320080849961601,58640,Error train
0.008016828568014864,58640,Error test
0.005213009157960216,58660,Error train
0.007707896232269391,58660,Error test
0.0052173012136515935,58680,Error train
0.007880011784263587,58680,Error test
0.006041105123243951,58700,Error train
0.008377672570076551,58700,Error test
0.005248101773658575,58720,Error train
0.007894302699459805,58720,Error test
0.005237950242253138,58740,Error train
0.007741082304833757,58740,Error test
0.006494811412416478,58760,Error train
0.008804831317477644,58760,Error test
0.005325312346561009,58780,Error train
0.007808068741234554,58780,Error test
0.005275073199735271,58800,Error train
0.007767750291660529,58800,Error test
0.005213956685637084,58820,Error train
0.007934985728934392,58820,Error test
0.005064220793206809,58840,Error train
0.007645292645063338,58840,Error test
0.005140735581703872,58860,Error train
0.007881770306820773,58860,Error test
0.005212436003847632,58880,Error train
0.00795758177011227,58880,Error test
0.005171323673797182,58900,Error train
0.007708899983299302,58900,Error test
0.005246494440073466,58920,Error train
0.007978895905888347,58920,Error test
0.005646616428557575,58940,Error train
0.008065549801913176,58940,Error test
0.005032515800364974,58960,Error train
0.007671182449940855,58960,Error test
0.00518934047923594,58980,Error train
0.007707360089060186,58980,Error test
0.005756427603162338,59000,Error train
0.008152413391378692,59000,Error test
0.005103545725051281,59020,Error train
0.0076514169950315505,59020,Error test
0.00659279220571988,59040,Error train
0.008881483505723877,59040,Error test
0.005094811798776958,59060,Error train
0.007658771107372742,59060,Error test
0.005644347772144939,59080,Error train
0.008054843760713248,59080,Error test
0.0056561027345074545,59100,Error train
0.008464739945769562,59100,Error test
0.006172436931569348,59120,Error train
0.008520393915496948,59120,Error test
0.005074888697181561,59140,Error train
0.007737120364734813,59140,Error test
0.00561608912115751,59160,Error train
0.008040180278765876,59160,Error test
0.00520194393602963,59180,Error train
0.007942899268601982,59180,Error test
0.005490615212720112,59200,Error train
0.007970679104127824,59200,Error test
0.005185144782657158,59220,Error train
0.00772825461622045,59220,Error test
0.005370167546714266,59240,Error train
0.00786045910068591,59240,Error test
0.006085211962734487,59260,Error train
0.008465586903479405,59260,Error test
0.005207339570532159,59280,Error train
0.007729415451593186,59280,Error test
0.0050880077159488986,59300,Error train
0.007654082435582533,59300,Error test
0.005485711527875851,59320,Error train
0.007959738004708004,59320,Error test
0.005289757092940041,59340,Error train
0.008056067490260332,59340,Error test
0.005045436181988939,59360,Error train
0.0076499336639253976,59360,Error test
0.0060212512119934055,59380,Error train
0.008887520618758225,59380,Error test
0.005363946390753573,59400,Error train
0.007821800282248922,59400,Error test
0.008071779102784726,59420,Error train
0.0110907310619566,59420,Error test
0.009046755756615702,59440,Error train
0.011132575765655734,59440,Error test
0.005147536017337673,59460,Error train
0.007870128167021378,59460,Error test
0.005053207201878597,59480,Error train
0.007638837544144529,59480,Error test
0.00555699008411755,59500,Error train
0.007989748126867742,59500,Error test
0.005057824176576743,59520,Error train
0.007638901956473715,59520,Error test
0.007270701626620558,59540,Error train
0.010243099111260166,59540,Error test
0.005056239149117623,59560,Error train
0.007641507067871261,59560,Error test
0.005839081209289591,59580,Error train
0.008184516951354486,59580,Error test
0.006464180690601336,59600,Error train
0.008742211785913506,59600,Error test
0.0050500676873809006,59620,Error train
0.0076461552594968155,59620,Error test
0.005075406865980899,59640,Error train
0.007639405105640774,59640,Error test
0.005073139156652282,59660,Error train
0.007690192546617397,59660,Error test
0.006382244205334487,59680,Error train
0.008688002963631697,59680,Error test
0.005324606024972733,59700,Error train
0.007824801637093266,59700,Error test
0.005880788102384863,59720,Error train
0.008267040865950325,59720,Error test
0.005042786142205228,59740,Error train
0.007636683955277247,59740,Error test
0.005329224817252014,59760,Error train
0.007813951524829159,59760,Error test
0.005114637168612673,59780,Error train
0.00781536709419059,59780,Error test
0.005240996689154225,59800,Error train
0.007746297335187277,59800,Error test
0.006947202149748015,59820,Error train
0.009197924172413025,59820,Error test
0.005209134318699298,59840,Error train
0.007722603798806629,59840,Error test
0.006899067398034194,59860,Error train
0.009155997766578314,59860,Error test
0.005791553295126412,59880,Error train
0.008198098230505784,59880,Error test
0.005570010803486565,59900,Error train
0.008360958826797047,59900,Error test
0.005093320860421441,59920,Error train
0.0076483646432530545,59920,Error test
0.005049385136374127,59940,Error train
0.0076614690596650365,59940,Error test
0.007338836821144836,59960,Error train
0.0095421870126031,59960,Error test
0.005514400643026895,59980,Error train
0.008278717823664445,59980,Error test
0.005042579879499696,60000,Error train
0.007648419523877074,60000,Error test
0.005058058594000123,60020,Error train
0.007635815462317426,60020,Error test
0.005627387380892445,60040,Error train
0.008425091591055686,60040,Error test
0.00506045596224772,60060,Error train
0.0077449133067209195,60060,Error test
0.005070415987738157,60080,Error train
0.007760665738222068,60080,Error test
0.005077705853756601,60100,Error train
0.0076547355344483686,60100,Error test
0.006408641923247675,60120,Error train
0.008743345905480244,60120,Error test
0.005419304133553126,60140,Error train
0.008193655976421587,60140,Error test
0.0052268169716061024,60160,Error train
0.007965685007187702,60160,Error test
0.007382187411554797,60180,Error train
0.010352862964290587,60180,Error test
0.005354016300525171,60200,Error train
0.008080422835393904,60200,Error test
0.006080444992558473,60220,Error train
0.008898991294122947,60220,Error test
0.00588613631398004,60240,Error train
0.00868211961508383,60240,Error test
0.0050876785133363855,60260,Error train
0.007712904784829269,60260,Error test
0.0053365925019852245,60280,Error train
0.007806528100872613,60280,Error test
0.006422533796012364,60300,Error train
0.009325487761007294,60300,Error test
0.005749609859013087,60320,Error train
0.008572915395750893,60320,Error test
0.0052097987940607155,60340,Error train
0.007710561617941167,60340,Error test
0.0052257952674134986,60360,Error train
0.007707959098364002,60360,Error test
0.005104338199928641,60380,Error train
0.0077830963524509545,60380,Error test
0.00679950814159752,60400,Error train
0.009738215903664561,60400,Error test
0.005399108485747766,60420,Error train
0.007856460120633648,60420,Error test
0.0057869015843175185,60440,Error train
0.008173283829344076,60440,Error test
0.0053480017038042525,60460,Error train
0.007796497700692406,60460,Error test
0.005118336806192591,60480,Error train
0.007725179966848223,60480,Error test
0.005124581424398581,60500,Error train
0.007642120578517235,60500,Error test
0.005805534509604996,60520,Error train
0.0081575768241866,60520,Error test
0.006014697191022625,60540,Error train
0.008342867132108724,60540,Error test
0.005226083280361981,60560,Error train
0.007892414191939574,60560,Error test
0.00512161751238623,60580,Error train
0.007655456648596264,60580,Error test
0.005317344656316293,60600,Error train
0.007788032040107856,60600,Error test
0.005073707746731083,60620,Error train
0.007639320198902613,60620,Error test
0.005107370051121142,60640,Error train
0.007679499992014434,60640,Error test
0.007250732676317176,60660,Error train
0.00946632677101758,60660,Error test
0.006167495996121288,60680,Error train
0.009014455805093472,60680,Error test
0.005093597604072328,60700,Error train
0.007746467458581543,60700,Error test
0.005183324918811403,60720,Error train
0.007874600133742747,60720,Error test
0.005047154335159976,60740,Error train
0.007646041596060403,60740,Error test
0.0055229818600627065,60760,Error train
0.007952567815332682,60760,Error test
0.005783502687388123,60780,Error train
0.008588704275937125,60780,Error test
0.005542329562061081,60800,Error train
0.008294807923280162,60800,Error test
0.005499685114636986,60820,Error train
0.007913101039670835,60820,Error test
0.005108020525267825,60840,Error train
0.0077649252854364486,60840,Error test
0.005289540255520087,60860,Error train
0.007760666221391068,60860,Error test
0.005115957594388934,60880,Error train
0.007766041607533553,60880,Error test
0.005564536549548469,60900,Error train
0.008327968295557252,60900,Error test
0.005849537585057892,60920,Error train
0.008220020733305456,60920,Error test
0.0059120481991724125,60940,Error train
0.008289474311055364,60940,Error test
0.006243885829761653,60960,Error train
0.009118074462493495,60960,Error test
0.0056819175354823025,60980,Error train
0.008081088787161184,60980,Error test
0.005254296652380952,61000,Error train
0.007764585436866319,61000,Error test
0.006008291405842809,61020,Error train
0.008380447201498713,61020,Error test
0.00511295928615383,61040,Error train
0.00780048255228251,61040,Error test
0.0053477782383921976,61060,Error train
0.008083094493922544,61060,Error test
0.005078597088102785,61080,Error train
0.007633688153551336,61080,Error test
0.005030310600178626,61100,Error train
0.007644538540466986,61100,Error test
0.006071318283285624,61120,Error train
0.00894915352476598,61120,Error test
0.005057569457048325,61140,Error train
0.007648871159347049,61140,Error test
0.0060142617484604454,61160,Error train
0.008824772974061836,61160,Error test
0.005067243564395893,61180,Error train
0.007647822729902542,61180,Error test
0.005143882851246661,61200,Error train
0.007798177787669874,61200,Error test
0.005080914322701672,61220,Error train
0.00770542135692026,61220,Error test
0.005463807514833811,61240,Error train
0.007907148126564288,61240,Error test
0.006171810756663571,61260,Error train
0.008494907457747322,61260,Error test
0.006142203316165509,61280,Error train
0.009029333977413569,61280,Error test
0.0052594333039017414,61300,Error train
0.007746968750600337,61300,Error test
0.005343532839008256,61320,Error train
0.008091712174190599,61320,Error test
0.005309842379710254,61340,Error train
0.008058652641471313,61340,Error test
0.006447373551655611,61360,Error train
0.008742640894720028,61360,Error test
0.005231368966469443,61380,Error train
0.0077075604087267656,61380,Error test
0.005160680765275167,61400,Error train
0.007821016603980878,61400,Error test
0.0052038223988748675,61420,Error train
0.007861955861115192,61420,Error test
0.006118619374660452,61440,Error train
0.008460552656698058,61440,Error test
0.005235057898912846,61460,Error train
0.007962813773109177,61460,Error test
0.005082146838558967,61480,Error train
0.007764390329284601,61480,Error test
0.0050808698694119634,61500,Error train
0.007766505016261033,61500,Error test
0.00510881013343309,61520,Error train
0.007660450610202322,61520,Error test
0.006725197092713311,61540,Error train
0.009005489436786246,61540,Error test
0.0050879776549292025,61560,Error train
0.007784868501271864,61560,Error test
0.006434013487004634,61580,Error train
0.009378657120990733,61580,Error test
0.005478640845211362,61600,Error train
0.008257445267319074,61600,Error test
0.0052850912065449075,61620,Error train
0.008031442539487647,61620,Error test
0.005675387674908767,61640,Error train
0.008506228823769847,61640,Error test
0.005584869617578987,61660,Error train
0.008020681897295807,61660,Error test
0.005010956784766491,61680,Error train
0.00763083664608089,61680,Error test
0.005351457527385528,61700,Error train
0.008136380930741344,61700,Error test
0.005310945418212432,61720,Error train
0.008066532186365468,61720,Error test
0.005104486804237409,61740,Error train
0.007795814036988121,61740,Error test
0.005021782175696402,61760,Error train
0.007663172396891296,61760,Error test
0.0058965991563988025,61780,Error train
0.008289371262149627,61780,Error test
0.005310543676796071,61800,Error train
0.007808622543824279,61800,Error test
0.005178392902275075,61820,Error train
0.007706857152087007,61820,Error test
0.004999005400022369,61840,Error train
0.00766109926572028,61840,Error test
0.005510023987175217,61860,Error train
0.008338911531429698,61860,Error test
0.00656192040452511,61880,Error train
0.00948063253751297,61880,Error test
0.007183695956090145,61900,Error train
0.00942334071201593,61900,Error test
0.005041592577172966,61920,Error train
0.00762890869937,61920,Error test
0.005762101832710959,61940,Error train
0.008585174768684327,61940,Error test
0.0061140070414793714,61960,Error train
0.008451495704637053,61960,Error test
0.005279445522164379,61980,Error train
0.007759303466414073,61980,Error test
0.005521249943034135,62000,Error train
0.008279365268864523,62000,Error test
0.005975656328182737,62020,Error train
0.008782312568262608,62020,Error test
0.005031335610782318,62040,Error train
0.007632212374850179,62040,Error test
0.00578281570869079,62060,Error train
0.00818482935930002,62060,Error test
0.0053099118168689055,62080,Error train
0.007783684051237012,62080,Error test
0.0050355062088384235,62100,Error train
0.007630419550314919,62100,Error test
0.006481260759780082,62120,Error train
0.009390695992732552,62120,Error test
0.005160952423996089,62140,Error train
0.007685589637909758,62140,Error test
0.006928200307338376,62160,Error train
0.00921305713554623,62160,Error test
0.0060665505278153595,62180,Error train
0.008450762659488796,62180,Error test
0.007331267247554687,62200,Error train
0.010323363569976644,62200,Error test
0.005188898824406492,62220,Error train
0.00794265711961422,62220,Error test
0.005511445241467068,62240,Error train
0.007951454074789923,62240,Error test
0.008782007354134157,62260,Error train
0.010892600007168662,62260,Error test
0.005005097641374254,62280,Error train
0.007640657185716218,62280,Error test
0.0063331158069313085,62300,Error train
0.009229993914417664,62300,Error test
0.005411801010602681,62320,Error train
0.00785408136301832,62320,Error test
0.0051522929550086695,62340,Error train
0.007683056165627293,62340,Error test
0.006603681891070427,62360,Error train
0.00890222745518336,62360,Error test
0.008248344767230907,62380,Error train
0.011293259377143247,62380,Error test
0.00533455422406751,62400,Error train
0.007803018058598069,62400,Error test
0.005151741290131834,62420,Error train
0.007656270422425702,62420,Error test
0.005191755486202791,62440,Error train
0.007694779259410455,62440,Error test
0.0050140461044966235,62460,Error train
0.007652696399538992,62460,Error test
0.005148469266009294,62480,Error train
0.007666856368966209,62480,Error test
0.005100370414572807,62500,Error train
0.00776527992407332,62500,Error test
0.00528892378582232,62520,Error train
0.00776094663234927,62520,Error test
0.006251727996303649,62540,Error train
0.008563512518666837,62540,Error test
0.005192453945568009,62560,Error train
0.007697918766386574,62560,Error test
0.005260965087324954,62580,Error train
0.007737615873269841,62580,Error test
0.00509096690810476,62600,Error train
0.007633353127853407,62600,Error test
0.005182836338503447,62620,Error train
0.007687806705887138,62620,Error test
0.005534127047701514,62640,Error train
0.007960596136261013,62640,Error test
0.0050440404973531,62660,Error train
0.007657796861172573,62660,Error test
0.005072720711507623,62680,Error train
0.007694101472537045,62680,Error test
0.005049402509151006,62700,Error train
0.007646448457498047,62700,Error test
0.005335206841321342,62720,Error train
0.007790494939594985,62720,Error test
0.005054623716019339,62740,Error train
0.007667612431515159,62740,Error test
0.005233781225463343,62760,Error train
0.007745292553384011,62760,Error test
0.0057334635555309045,62780,Error train
0.008563222869319525,62780,Error test
0.005996995042450697,62800,Error train
0.008859250856082475,62800,Error test
0.005138980797547481,62820,Error train
0.007837548788553443,62820,Error test
0.005067112871729202,62840,Error train
0.007729486123047267,62840,Error test
0.0052119061533926715,62860,Error train
0.007912517415188265,62860,Error test
0.005592840767353781,62880,Error train
0.008008542692107962,62880,Error test
0.005450355047247802,62900,Error train
0.008156596268735734,62900,Error test
0.0064467637762511245,62920,Error train
0.009280720319028012,62920,Error test
0.005260486965551216,62940,Error train
0.007949787963485352,62940,Error test
0.0071917278038047565,62960,Error train
0.009423806201272672,62960,Error test
0.006445668806123226,62980,Error train
0.009334562381719423,62980,Error test
0.006474753146895118,63000,Error train
0.008783144620759051,63000,Error test
0.0050824864788913985,63020,Error train
0.007637701901089113,63020,Error test
0.005892968423753391,63040,Error train
0.008732602437259056,63040,Error test
0.006037898535513481,63060,Error train
0.008396881933407653,63060,Error test
0.005676701346485753,63080,Error train
0.008088425245964875,63080,Error test
0.0050690562413554475,63100,Error train
0.00773331092173718,63100,Error test
0.005166398504642539,63120,Error train
0.007842346340727653,63120,Error test
0.00509354304944908,63140,Error train
0.007634738301285081,63140,Error test
0.005431963628697868,63160,Error train
0.008199921634970204,63160,Error test
0.006176628754562147,63180,Error train
0.009079954534435403,63180,Error test
0.007715327547694258,63200,Error train
0.009924945576784795,63200,Error test
0.0049989091917616415,63220,Error train
0.0076261132590003085,63220,Error test
0.005009284344952819,63240,Error train
0.007639615835688889,63240,Error test
0.005052071480243075,63260,Error train
0.007630026157488798,63260,Error test
0.005530579047719841,63280,Error train
0.00830066165879996,63280,Error test
0.006261351783768152,63300,Error train
0.009150809938846025,63300,Error test
0.005424635981275122,63320,Error train
0.007885160006350736,63320,Error test
0.0058170188290052405,63340,Error train
0.008207268420583082,63340,Error test
0.0050367935147408935,63360,Error train
0.007624235984966489,63360,Error test
0.005049913477064696,63380,Error train
0.007624425500066122,63380,Error test
0.005253212341000112,63400,Error train
0.007973942240424801,63400,Error test
0.005137715938615422,63420,Error train
0.007836416733580761,63420,Error test
0.005037765499578609,63440,Error train
0.007624969572012142,63440,Error test
0.005352812690229177,63460,Error train
0.008100218629819876,63460,Error test
0.0052068480186326675,63480,Error train
0.007903643139051597,63480,Error test
0.0052652900312694685,63500,Error train
0.007745534737463829,63500,Error test
0.005508992760231107,63520,Error train
0.007921865457989,63520,Error test
0.005545811286618976,63540,Error train
0.007961525865496507,63540,Error test
0.005042981481255274,63560,Error train
0.0076485797261688455,63560,Error test
0.005035733350562086,63580,Error train
0.007648212423666569,63580,Error test
0.005035607903361212,63600,Error train
0.007679578935687934,63600,Error test
0.005521021848488558,63620,Error train
0.0079635889804303,63620,Error test
0.005115931333386545,63640,Error train
0.007677934996323246,63640,Error test
0.0054501650202335656,63660,Error train
0.007907458661924159,63660,Error test
0.005057157805010766,63680,Error train
0.0077385885743487285,63680,Error test
0.00673050856194966,63700,Error train
0.009701785717491501,63700,Error test
0.005335812501612515,63720,Error train
0.007806284245929837,63720,Error test
0.005451167210828594,63740,Error train
0.007888785262803894,63740,Error test
0.005042471582286974,63760,Error train
0.007626419249326201,63760,Error test
0.005060364765706169,63780,Error train
0.007687578499687025,63780,Error test
0.005053186013004215,63800,Error train
0.007624731300811751,63800,Error test
0.005372036684133661,63820,Error train
0.00784314125367859,63820,Error test
0.0050430573060591365,63840,Error train
0.007633439851474971,63840,Error test
0.005151879339018109,63860,Error train
0.007676937977452512,63860,Error test
0.006084475218130789,63880,Error train
0.008437399356603861,63880,Error test
0.005444018589920006,63900,Error train
0.007889601919801589,63900,Error test
0.005174736359993983,63920,Error train
0.007861067057760154,63920,Error test
0.005703407788652562,63940,Error train
0.008097306214120935,63940,Error test
0.005178033472623116,63960,Error train
0.0078652231144806,63960,Error test
0.005145971349887606,63980,Error train
0.007659108967795975,63980,Error test
0.005134005580449441,64000,Error train
0.00765140237041441,64000,Error test
0.006046361771009124,64020,Error train
0.00839130400665366,64020,Error test
0.005078510716855261,64040,Error train
0.007673353970197027,64040,Error test
0.005379321827027725,64060,Error train
0.007827819112757298,64060,Error test
0.00507423645726374,64080,Error train
0.007631879243216108,64080,Error test
0.005885061951362066,64100,Error train
0.008664718481357761,64100,Error test
0.007696157097497438,64120,Error train
0.009891427388768834,64120,Error test
0.005066968165327553,64140,Error train
0.0076329894516468915,64140,Error test
0.005051183394170361,64160,Error train
0.0076293189572148095,64160,Error test
0.006027326298535578,64180,Error train
0.008373848995209814,64180,Error test
0.00526261232513399,64200,Error train
0.00775710269636358,64200,Error test
0.005491937070826309,64220,Error train
0.007938280554287247,64220,Error test
0.00509608967043626,64240,Error train
0.007642348173632516,64240,Error test
0.005242310710399393,64260,Error train
0.007968532708663458,64260,Error test
0.005216309612083274,64280,Error train
0.007902100552362519,64280,Error test
0.005435768578958451,64300,Error train
0.007887822632288979,64300,Error test
0.005209181958092966,64320,Error train
0.007718292845510479,64320,Error test
0.005025335191021373,64340,Error train
0.007638793126583353,64340,Error test
0.005129005439694125,64360,Error train
0.007654328897509842,64360,Error test
0.00538710858150424,64380,Error train
0.008122621402631168,64380,Error test
0.005274856543076399,64400,Error train
0.007970800662553835,64400,Error test
0.0052655145837101295,64420,Error train
0.007749498695886648,64420,Error test
0.005619087616812165,64440,Error train
0.008038527972041309,64440,Error test
0.007055773065039366,64460,Error train
0.009961325543041381,64460,Error test
0.005064319403263897,64480,Error train
0.007672371410083834,64480,Error test
0.006330444838773767,64500,Error train
0.008626182146420578,64500,Error test
0.005386821139139041,64520,Error train
0.007813886868445332,64520,Error test
0.005082080440501952,64540,Error train
0.007684405017560313,64540,Error test
0.006388926288421044,64560,Error train
0.008681764810732642,64560,Error test
0.005073528902464581,64580,Error train
0.0076300813116737904,64580,Error test
0.005143585812326348,64600,Error train
0.007641680198345376,64600,Error test
0.005389732321450921,64620,Error train
0.007813531846582927,64620,Error test
0.008678161812324309,64640,Error train
0.010780121794369163,64640,Error test
0.005977262287496075,64660,Error train
0.0087558693104407,64660,Error test
0.005824996289299375,64680,Error train
0.008185253750115574,64680,Error test
0.00554153460207202,64700,Error train
0.008278874513355077,64700,Error test
0.005942481852381854,64720,Error train
0.008297262787361386,64720,Error test
0.005081984219575114,64740,Error train
0.007629052483361989,64740,Error test
0.005812074606881373,64760,Error train
0.008196440156099485,64760,Error test
0.005207338008819045,64780,Error train
0.007709806771440955,64780,Error test
0.0058472738541838435,64800,Error train
0.008247436181362517,64800,Error test
0.005124415709303108,64820,Error train
0.007835473705522311,64820,Error test
0.005016508604050007,64840,Error train
0.007660116432848248,64840,Error test
0.006239965654481275,64860,Error train
0.00858991118126196,64860,Error test
0.005091043964733279,64880,Error train
0.007656989206960282,64880,Error test
0.005446344672577849,64900,Error train
0.00791712794691059,64900,Error test
0.005578051755659969,64920,Error train
0.008355053341207943,64920,Error test
0.005643558973801877,64940,Error train
0.00805584303421387,64940,Error test
0.005185226042176183,64960,Error train
0.007884083161633606,64960,Error test
0.005664583579480057,64980,Error train
0.008442590781402935,64980,Error test
0.00511882707747477,65000,Error train
0.0076603996551601935,65000,Error test
0.007678001319053145,65020,Error train
0.010710341998735471,65020,Error test
0.005048108234567386,65040,Error train
0.007739870000426875,65040,Error test
0.005224708658412636,65060,Error train
0.00773537525300165,65060,Error test
0.005532806213316867,65080,Error train
0.007968724692588249,65080,Error test
0.005909363850956317,65100,Error train
0.008273487789463296,65100,Error test
0.0050504402860404515,65120,Error train
0.007625095557685527,65120,Error test
0.005085403991249027,65140,Error train
0.007715685446683837,65140,Error test
0.005319632721383412,65160,Error train
0.0078021422452245115,65160,Error test
0.006818789853256054,65180,Error train
0.009076183844274702,65180,Error test
0.005185738115135315,65200,Error train
0.00766716800477873,65200,Error test
0.005436821472276615,65220,Error train
0.0078484044672892,65220,Error test
0.005282312765982612,65240,Error train
0.007741628381251259,65240,Error test
0.005450171478344902,65260,Error train
0.007889915985508552,65260,Error test
0.005036137547036915,65280,Error train
0.007631525133315694,65280,Error test
0.005738979597561152,65300,Error train
0.008125331885712246,65300,Error test
0.005089132910111467,65320,Error train
0.007704309642004748,65320,Error test
0.0054318459437058585,65340,Error train
0.00788270121675768,65340,Error test
0.005360020958568498,65360,Error train
0.00809843036998851,65360,Error test
0.005377566818842773,65380,Error train
0.007826625836390154,65380,Error test
0.005512120649462234,65400,Error train
0.008290167928283673,65400,Error test
0.005877260426419782,65420,Error train
0.008254904206676258,65420,Error test
0.006617671583435984,65440,Error train
0.008901090948899478,65440,Error test
0.005240299559834499,65460,Error train
0.007757542350425517,65460,Error test
0.005428915970131129,65480,Error train
0.008191155730595695,65480,Error test
0.005184692146586239,65500,Error train
0.007888134969213824,65500,Error test
0.007357085803251383,65520,Error train
0.010364136760143694,65520,Error test
0.00576103059704615,65540,Error train
0.00859412419554897,65540,Error test
0.005962697894251401,65560,Error train
0.00885982935292364,65560,Error test
0.005218954473131704,65580,Error train
0.0079853241010633,65580,Error test
0.00555048052813051,65600,Error train
0.007996908747137606,65600,Error test
0.0051407410123559955,65620,Error train
0.007823221514588929,65620,Error test
0.00523931168350464,65640,Error train
0.007727123340268766,65640,Error test
0.005520099313417812,65660,Error train
0.00795119803409823,65660,Error test
0.0060207603069336165,65680,Error train
0.00881731558353756,65680,Error test
0.00597528020370511,65700,Error train
0.008321076081772658,65700,Error test
0.005300891220869941,65720,Error train
0.007767445810476734,65720,Error test
0.005071024716458252,65740,Error train
0.007639122034636034,65740,Error test
0.00782963527329746,65760,Error train
0.009989498878321228,65760,Error test
0.00506088903171298,65780,Error train
0.007625472108656139,65780,Error test
0.005218005887173182,65800,Error train
0.007701173843956595,65800,Error test
0.005527427458712358,65820,Error train
0.008282600046217685,65820,Error test
0.005447111453868754,65840,Error train
0.007889281730075696,65840,Error test
0.005131938231830364,65860,Error train
0.007653277887702137,65860,Error test
0.00698682476680552,65880,Error train
0.009233240385636996,65880,Error test
0.005172072178665732,65900,Error train
0.007841604796776622,65900,Error test
0.005236429531869167,65920,Error train
0.007737784917399474,65920,Error test
0.005565104688081958,65940,Error train
0.008004311233669167,65940,Error test
0.005027991488416237,65960,Error train
0.007706430879501423,65960,Error test
0.0054003520376086555,65980,Error train
0.007867319763367738,65980,Error test
0.005152443202332003,66000,Error train
0.007853882698183193,66000,Error test
0.006840009437183304,66020,Error train
0.0091150247837758,66020,Error test
0.005138726988078707,66040,Error train
0.007671809390085409,66040,Error test
0.005363919222041202,66060,Error train
0.008100386003512624,66060,Error test
0.005749076604146386,66080,Error train
0.008126665331047311,66080,Error test
0.005210674152208114,66100,Error train
0.007908932712816959,66100,Error test
0.006274017095770885,66120,Error train
0.008603359587017124,66120,Error test
0.0050273922531674274,66140,Error train
0.007620648974263613,66140,Error test
0.005048474704082888,66160,Error train
0.007621573487299383,66160,Error test
0.005531985536055298,66180,Error train
0.007957947176960162,66180,Error test
0.005045090798858795,66200,Error train
0.007639553864184163,66200,Error test
0.006178708473166514,66220,Error train
0.008515850368870974,66220,Error test
0.005202706687192071,66240,Error train
0.007894554340959361,66240,Error test
0.006251491452110702,66260,Error train
0.008568341638759172,66260,Error test
0.005308891953228939,66280,Error train
0.007761789320181868,66280,Error test
0.00535653998464179,66300,Error train
0.007807423543297226,66300,Error test
0.005473605865066467,66320,Error train
0.007901536785788634,66320,Error test
0.005255037068181541,66340,Error train
0.0077252634435762595,66340,Error test
0.005096865475518106,66360,Error train
0.00762530845153694,66360,Error test
0.00588394407543668,66380,Error train
0.008673453062480335,66380,Error test
0.005103497809981566,66400,Error train
0.007734247011357828,66400,Error test
0.005135003322775657,66420,Error train
0.007655741032747196,66420,Error test
0.00522553279068063,66440,Error train
0.007918628262388587,66440,Error test
0.0050431513942092625,66460,Error train
0.007626939238815858,66460,Error test
0.006245318043842954,66480,Error train
0.008555836821258388,66480,Error test
0.005487677062410674,66500,Error train
0.008244691277387061,66500,Error test
0.00503923251680295,66520,Error train
0.007644633497370675,66520,Error test
0.005403098167116527,66540,Error train
0.007854190141140967,66540,Error test
0.005452497498007767,66560,Error train
0.008244006073302798,66560,Error test
0.005103855000061114,66580,Error train
0.007764551839560295,66580,Error test
0.005316292842009337,66600,Error train
0.007764258050235854,66600,Error test
0.005731849382654119,66620,Error train
0.008494189166697403,66620,Error test
0.0063766556221058115,66640,Error train
0.008655677128385239,66640,Error test
0.005066760532448405,66660,Error train
0.00762150049692153,66660,Error test
0.005118438169070629,66680,Error train
0.007720444701026414,66680,Error test
0.006315101632354392,66700,Error train
0.009101859822861075,66700,Error test
0.005069811076327183,66720,Error train
0.007682728662705696,66720,Error test
0.006746481153612741,66740,Error train
0.009603049159570252,66740,Error test
0.005792159086870141,66760,Error train
0.00815337829367198,66760,Error test
0.005086095715949919,66780,Error train
0.007625095404148943,66780,Error test
0.005433065982079323,66800,Error train
0.008087215676865957,66800,Error test
0.005284661000763028,66820,Error train
0.007734611345355429,66820,Error test
0.00507727275334499,66840,Error train
0.0076759856239260425,66840,Error test
0.0059894533808560425,66860,Error train
0.008323377243169106,66860,Error test
0.005105961085921067,66880,Error train
0.007626019866574407,66880,Error test
0.005773801527473555,66900,Error train
0.008151524026781994,66900,Error test
0.005746235829328729,66920,Error train
0.00813873804099801,66920,Error test
0.005956959561040985,66940,Error train
0.008784967819421022,66940,Error test
0.005051840175697472,66960,Error train
0.007679781342135224,66960,Error test
0.005059172134420857,66980,Error train
0.0076152718259954386,66980,Error test
0.00699274928774905,67000,Error train
0.009938179985568531,67000,Error test
0.005108713387490764,67020,Error train
0.007752683280427481,67020,Error test
0.0050810397642776575,67040,Error train
0.007715707710862269,67040,Error test
0.0052050941851085105,67060,Error train
0.007908986486211677,67060,Error test
0.005015937225939725,67080,Error train
0.00761591686173394,67080,Error test
0.0060103661931891865,67100,Error train
0.008379204348875709,67100,Error test
0.004993465700343378,67120,Error train
0.007616936872210637,67120,Error test
0.005036970928572524,67140,Error train
0.007623330006749903,67140,Error test
0.006677485671901461,67160,Error train
0.009609835761474233,67160,Error test
0.005261238283003533,67180,Error train
0.00774396904684016,67180,Error test
0.005730554291292345,67200,Error train
0.008141030408570274,67200,Error test
0.005276119701585124,67220,Error train
0.008006443760956253,67220,Error test
0.005773572924116327,67240,Error train
0.008174034545212525,67240,Error test
0.005436304030519601,67260,Error train
0.007895261354160094,67260,Error test
0.006221955645543684,67280,Error train
0.008557723907565944,67280,Error test
0.005366332414826509,67300,Error train
0.00784330992464145,67300,Error test
0.005079631479912719,67320,Error train
0.00764185197683826,67320,Error test
0.005042412677916941,67340,Error train
0.007734505730179259,67340,Error test
0.006359197365737507,67360,Error train
0.009261393694198889,67360,Error test
0.006677465516536892,67380,Error train
0.008954552956302542,67380,Error test
0.005862589971881833,67400,Error train
0.008708958443995413,67400,Error test
0.005288040467431592,67420,Error train
0.0077772032475017395,67420,Error test
0.005060795917569827,67440,Error train
0.007626670765765264,67440,Error test
0.005064824952169464,67460,Error train
0.007630316120976606,67460,Error test
0.005653620710937514,67480,Error train
0.008073523468912226,67480,Error test
0.005275402831216995,67500,Error train
0.007767230242618576,67500,Error test
0.005439503285154772,67520,Error train
0.007881079675699457,67520,Error test
0.00560214142649256,67540,Error train
0.008348891543606485,67540,Error test
0.006821861390858622,67560,Error train
0.009077499219836634,67560,Error test
0.005316539657515787,67580,Error train
0.007782760753295036,67580,Error test
0.005205076539041395,67600,Error train
0.007898923587733727,67600,Error test
0.00538453282312296,67620,Error train
0.007838513087711284,67620,Error test
0.005454082689156515,67640,Error train
0.007880689277549218,67640,Error test
0.005028405547766428,67660,Error train
0.007668443023979697,67660,Error test
0.005674535482870991,67680,Error train
0.008074145722899438,67680,Error test
0.005397307442375523,67700,Error train
0.007862285531762683,67700,Error test
0.0050092760758830256,67720,Error train
0.0076815523890141815,67720,Error test
0.005373978552827372,67740,Error train
0.007859178797717477,67740,Error test
0.005073565638854907,67760,Error train
0.007640002030409228,67760,Error test
0.005639363844576453,67780,Error train
0.008083463891794991,67780,Error test
0.005290127175787571,67800,Error train
0.007796363623318375,67800,Error test
0.008390140892864217,67820,Error train
0.01055151970420045,67820,Error test
0.005624877772432585,67840,Error train
0.008058642617442466,67840,Error test
0.004986700242431645,67860,Error train
0.007636457473574332,67860,Error test
0.005008374429751363,67880,Error train
0.007615445049635756,67880,Error test
0.004998511825326961,67900,Error train
0.00771088984586256,67900,Error test
0.005965785671222882,67920,Error train
0.008848965034913864,67920,Error test
0.00553239908528478,67940,Error train
0.00831919663259984,67940,Error test
0.006309937817090121,67960,Error train
0.008661085355947423,67960,Error test
0.005007462464744344,67980,Error train
0.0076163819721162904,67980,Error test
0.005038972516305569,68000,Error train
0.007618997895999081,68000,Error test
0.005613745515585177,68020,Error train
0.00843207780354372,68020,Error test
0.006827759469793035,68040,Error train
0.00977452250486403,68040,Error test
0.005345073157663633,68060,Error train
0.007813042600684529,68060,Error test
0.005021706193130655,68080,Error train
0.007682626545967998,68080,Error test
0.005042950739237307,68100,Error train
0.007628546939527853,68100,Error test
0.005028725985910527,68120,Error train
0.0076200073819120044,68120,Error test
0.005213652560027169,68140,Error train
0.007719567222678046,68140,Error test
0.005481685431308114,68160,Error train
0.007924405327570487,68160,Error test
0.006995807772521951,68180,Error train
0.009950472961317878,68180,Error test
0.005184198882346014,68200,Error train
0.007698634344496803,68200,Error test
0.006632079079629869,68220,Error train
0.008927255109953947,68220,Error test
0.005863585055501725,68240,Error train
0.008255410452569355,68240,Error test
0.00503322617125836,68260,Error train
0.007619241557327493,68260,Error test
0.006780567452024742,68280,Error train
0.00905125408234077,68280,Error test
0.005131594837180973,68300,Error train
0.007669785082118925,68300,Error test
0.005833172282812406,68320,Error train
0.008228738930593504,68320,Error test
0.005246428041338099,68340,Error train
0.0077459747375525235,68340,Error test
0.01046109834427918,68360,Error train
0.013645146400208231,68360,Error test
0.005011328799946432,68380,Error train
0.007650834995700085,68380,Error test
0.005023461176523527,68400,Error train
0.00761301288924108,68400,Error test
0.005082914351619566,68420,Error train
0.007627199885827589,68420,Error test
0.005050817811821216,68440,Error train
0.007680495108841755,68440,Error test
0.005697789547932807,68460,Error train
0.008513334555689244,68460,Error test
0.005031792169361146,68480,Error train
0.007609880263963438,68480,Error test
0.005445721123015307,68500,Error train
0.007890341128559,68500,Error test
0.005044473862774794,68520,Error train
0.007625995415820795,68520,Error test
0.00512470920021228,68540,Error train
0.007662205683602438,68540,Error test
0.0050848427560673095,68560,Error train
0.007735766598417282,68560,Error test
0.005115790285847711,68580,Error train
0.007771296379675801,68580,Error test
0.00592377900879894,68600,Error train
0.00874043432671782,68600,Error test
0.005289436611623607,68620,Error train
0.007770558959877574,68620,Error test
0.005193516297157971,68640,Error train
0.007897387420102835,68640,Error test
0.005154641568977644,68660,Error train
0.007861884180669226,68660,Error test
0.005312199656680848,68680,Error train
0.00808668433712165,68680,Error test
0.005284927315868624,68700,Error train
0.0077737140793535196,68700,Error test
0.005024565754718298,68720,Error train
0.00761113780419624,68720,Error test
0.005468426388581869,68740,Error train
0.008253282595810072,68740,Error test
0.005509272407409296,68760,Error train
0.007934053263524235,68760,Error test
0.0050472129213873385,68780,Error train
0.007613662688035741,68780,Error test
0.00539485510958735,68800,Error train
0.007839753037468778,68800,Error test
0.0050797837498494135,68820,Error train
0.007741301766160687,68820,Error test
0.005361084228261977,68840,Error train
0.0077987615525233105,68840,Error test
0.0051780750037749785,68860,Error train
0.007854177412444792,68860,Error test
0.005358726064240261,68880,Error train
0.007836734709797427,68880,Error test
0.0053803415353867266,68900,Error train
0.007839880200396493,68900,Error test
0.005426865679204638,68920,Error train
0.008204309055652451,68920,Error test
0.0071787213372379475,68940,Error train
0.009400633396043731,68940,Error test
0.005032277438295643,68960,Error train
0.007610061570139814,68960,Error test
0.005442711925844598,68980,Error train
0.007882343123648761,68980,Error test
0.00603072290503309,69000,Error train
0.008890172841111422,69000,Error test
0.005779663268411273,69020,Error train
0.008614992992927922,69020,Error test
0.007305668186615601,69040,Error train
0.009538758329042461,69040,Error test
0.005749521736670597,69060,Error train
0.008162106721915042,69060,Error test
0.0058359574859845765,69080,Error train
0.008243631276542956,69080,Error test
0.0050696777644832994,69100,Error train
0.007631582728561143,69100,Error test
0.005053654612042179,69120,Error train
0.007625947501040301,69120,Error test
0.005810081290975679,69140,Error train
0.00864049752385248,69140,Error test
0.005805502004987402,69160,Error train
0.008637067510310851,69160,Error test
0.005895896371693105,69180,Error train
0.008277104710113687,69180,Error test
0.005062965602288693,69200,Error train
0.00761568134674401,69200,Error test
0.0050856491028933954,69220,Error train
0.007724454731204005,69220,Error test
0.005989088183119813,69240,Error train
0.008332172772429666,69240,Error test
0.006192033013425436,69260,Error train
0.008515794170094012,69260,Error test
0.005199399875412611,69280,Error train
0.007685510941238236,69280,Error test
0.005293293748049723,69300,Error train
0.008001391840458671,69300,Error test
0.005056626374925222,69320,Error train
0.007615328263167696,69320,Error test
0.005017722342405998,69340,Error train
0.007612392464647955,69340,Error test
0.005158737900849222,69360,Error train
0.007679263244077986,69360,Error test
0.005012393956705329,69380,Error train
0.007612491627572256,69380,Error test
0.005337247297262827,69400,Error train
0.00781279040913759,69400,Error test
0.005074733565406448,69420,Error train
0.007728894484082526,69420,Error test
0.005602279234753074,69440,Error train
0.008375980622252612,69440,Error test
0.005026206025774218,69460,Error train
0.00761233000859192,69460,Error test
0.005081378992404053,69480,Error train
0.007628092483017365,69480,Error test
0.005683637741064128,69500,Error train
0.008096526427813349,69500,Error test
0.0051907184624316646,69520,Error train
0.007704230453652068,69520,Error test
0.005021616607599703,69540,Error train
0.007610170505892455,69540,Error test
0.005319118088323158,69560,Error train
0.007776181268145983,69560,Error test
0.005696637088686111,69580,Error train
0.008486876668500981,69580,Error test
0.005531794268241522,69600,Error train
0.007945007248464862,69600,Error test
0.0053855809185461515,69620,Error train
0.008106002802362993,69620,Error test
0.008864372851299271,69640,Error train
0.0118945090879897,69640,Error test
0.007049459179384685,69660,Error train
0.009943908440727454,69660,Error test
0.0052563524913730245,69680,Error train
0.007729070555348599,69680,Error test
0.00508858136517643,69700,Error train
0.0076346446858898505,69700,Error test
0.005022593854666446,69720,Error train
0.007674171311682292,69720,Error test
0.005957746568050335,69740,Error train
0.008341834411380727,69740,Error test
0.004983358765232205,69760,Error train
0.007628450067596485,69760,Error test
0.005400668631504599,69780,Error train
0.007877141228775714,69780,Error test
0.005402441651960424,69800,Error train
0.007878200230352298,69800,Error test
0.006124992289661211,69820,Error train
0.009007984174497342,69820,Error test
0.005778657165885305,69840,Error train
0.00816558710058272,69840,Error test
0.005088181632005342,69860,Error train
0.007724633178363013,69860,Error test
0.00514729680444209,69880,Error train
0.007656839673926109,69880,Error test
0.005040647507501369,69900,Error train
0.007623124728682742,69900,Error test
0.005044776227988919,69920,Error train
0.007612959850247829,69920,Error test
0.005029092368122762,69940,Error train
0.007674768022555497,69940,Error test
0.005841907221618094,69960,Error train
0.008216800194296296,69960,Error test
0.005045803212360037,69980,Error train
0.007702866159433711,69980,Error test
0.005847323594455165,70000,Error train
0.0082373402983686,70000,Error test
0.005337988199263396,70020,Error train
0.008096555050546121,70020,Error test
0.005012911919096,70040,Error train
0.0076291099581462934,70040,Error test
0.005141249393753252,70060,Error train
0.00782116985566797,70060,Error test
0.0060843054506350405,70080,Error train
0.00842907512776286,70080,Error test
0.005348149571070328,70100,Error train
0.007816788377463893,70100,Error test
0.005121288742380813,70120,Error train
0.007661046452003903,70120,Error test
0.005002304313417397,70140,Error train
0.007650178010597085,70140,Error test
0.005870408453593418,70160,Error train
0.008254814954419553,70160,Error test
0.00643681320400318,70180,Error train
0.008763844923192519,70180,Error test
0.005049916584459855,70200,Error train
0.007703344421090181,70200,Error test
0.005041337750204141,70220,Error train
0.007608834007035532,70220,Error test
0.005231706348236992,70240,Error train
0.007924428999842626,70240,Error test
0.005079830132346099,70260,Error train
0.007636473847004539,70260,Error test
0.005654363722650242,70280,Error train
0.008445219795752745,70280,Error test
0.005356968258561018,70300,Error train
0.007814444207404108,70300,Error test
0.005248917009864745,70320,Error train
0.007746234885385581,70320,Error test
0.005288627929744043,70340,Error train
0.0077825435715447805,70340,Error test
0.006049354029241897,70360,Error train
0.00894001005174236,70360,Error test
0.005087984964241741,70380,Error train
0.007635241612673534,70380,Error test
0.006506701891818241,70400,Error train
0.009435062706582314,70400,Error test
0.006305398606151493,70420,Error train
0.008651938857609271,70420,Error test
0.006123139122490752,70440,Error train
0.008474228867217574,70440,Error test
0.005229984548369888,70460,Error train
0.007941240974171595,70460,Error test
0.005082720695325799,70480,Error train
0.0077650047436891275,70480,Error test
0.005108932287862166,70500,Error train
0.007647397761159011,70500,Error test
0.005490225346366999,70520,Error train
0.007909495164443786,70520,Error test
0.0055595827223338095,70540,Error train
0.007996751448830818,70540,Error test
0.005167560979191641,70560,Error train
0.0076808464536088595,70560,Error test
0.006168269386916419,70580,Error train
0.008516680218437838,70580,Error test
0.0050832232211642705,70600,Error train
0.007750417014026895,70600,Error test
0.005028686723711007,70620,Error train
0.007643705096983993,70620,Error test
0.005474839293134246,70640,Error train
0.008242900060500446,70640,Error test
0.00607705895466974,70660,Error train
0.008439079656243714,70660,Error test
0.005231669467695691,70680,Error train
0.0077153063594719564,70680,Error test
0.005508586703062317,70700,Error train
0.007938909360650939,70700,Error test
0.0057727694601872655,70720,Error train
0.00815693476649154,70720,Error test
0.00504634065424903,70740,Error train
0.0076093692380860035,70740,Error test
0.005053163648987769,70760,Error train
0.007611419476314425,70760,Error test
0.007460417119692561,70780,Error train
0.010383601273998143,70780,Error test
0.005195504586572425,70800,Error train
0.007689177035822229,70800,Error test
0.0054776547248183895,70820,Error train
0.008214571338488762,70820,Error test
0.007113490596881044,70840,Error train
0.009350861767936121,70840,Error test
0.005174291888655592,70860,Error train
0.007672505213959936,70860,Error test
0.006067765865033073,70880,Error train
0.00840747131929619,70880,Error test
0.005049617494168253,70900,Error train
0.007607610838237555,70900,Error test
0.005146960289139636,70920,Error train
0.007656658093763716,70920,Error test
0.005267967819726476,70940,Error train
0.007989939224141164,70940,Error test
0.004967367675519873,70960,Error train
0.007612318365479755,70960,Error test
0.009527184521804375,70980,Error train
0.012648988019743183,70980,Error test
0.005651655399260192,71000,Error train
0.008086258388989936,71000,Error test
0.005235904147211804,71020,Error train
0.007732225630646947,71020,Error test
0.006374614356934681,71040,Error train
0.009244843405219031,71040,Error test
0.005326572415079764,71060,Error train
0.008057046872150102,71060,Error test
0.0050738135638855025,71080,Error train
0.007619111716123074,71080,Error test
0.005132560693932124,71100,Error train
0.007671066640386678,71100,Error test
0.0049886982537798346,71120,Error train
0.007659663839548517,71120,Error test
0.005581946070199287,71140,Error train
0.008023749735169013,71140,Error test
0.005061301981785043,71160,Error train
0.007729868445000731,71160,Error test
0.005056941883957417,71180,Error train
0.00775253568553262,71180,Error test
0.006076912667548285,71200,Error train
0.008445902355632633,71200,Error test
0.00507055042692571,71220,Error train
0.007729939289270682,71220,Error test
0.005158212204895526,71240,Error train
0.0076620591714866544,71240,Error test
0.008378868353402893,71260,Error train
0.0114017192041863,71260,Error test
0.005885964992326215,71280,Error train
0.008280287374915273,71280,Error test
0.005634959449056635,71300,Error train
0.008069725094483284,71300,Error test
0.007028798674624436,71320,Error train
0.009988721799820858,71320,Error test
0.005423611084692149,71340,Error train
0.007871257447301801,71340,Error test
0.004994551695051124,71360,Error train
0.0076236418952710765,71360,Error test
0.005428316256034388,71380,Error train
0.007889458748843847,71380,Error test
0.005005998714634599,71400,Error train
0.0076123517745643535,71400,Error test
0.005015076090453677,71420,Error train
0.007645198768204134,71420,Error test
0.006857710494221444,71440,Error train
0.0091320689396771,71440,Error test
0.00505545206071417,71460,Error train
0.0076913397282532365,71460,Error test
0.006588623568629252,71480,Error train
0.008875583812078858,71480,Error test
0.006804276744272891,71500,Error train
0.009691606882099002,71500,Error test
0.005801015633390223,71520,Error train
0.00859536087418799,71520,Error test
0.005610079859733297,71540,Error train
0.008404671961206995,71540,Error test
0.005000613589450169,71560,Error train
0.007650628963320915,71560,Error test
0.0065931827660648985,71580,Error train
0.009488649537936978,71580,Error test
0.005075089675813037,71600,Error train
0.007632765696031286,71600,Error test
0.00693512516382213,71620,Error train
0.009198955324829582,71620,Error test
0.005307101622110252,71640,Error train
0.0077777411309916025,71640,Error test
0.005408188387248203,71660,Error train
0.007859086495578609,71660,Error test
0.005058483950792037,71680,Error train
0.007611472528153556,71680,Error test
0.005047261859496594,71700,Error train
0.0076883048129845625,71700,Error test
0.006755454764353052,71720,Error train
0.009626885123339365,71720,Error test
0.005923864259506919,71740,Error train
0.008719333668897586,71740,Error test
0.005319164600882803,71760,Error train
0.00778160772407067,71760,Error test
0.005077044807589071,71780,Error train
0.007615918463380611,71780,Error test
0.005103185940851491,71800,Error train
0.007714004686521421,71800,Error test
0.005118381738524868,71820,Error train
0.007766217569724383,71820,Error test
0.007602348035126934,71840,Error train
0.009801313306817125,71840,Error test
0.005257156539979152,71860,Error train
0.007733347599309869,71860,Error test
0.0050353380989949246,71880,Error train
0.007605543778409061,71880,Error test
0.005096695958032391,71900,Error train
0.007768601572997722,71900,Error test
0.0066385661866350245,71920,Error train
0.008941986861656566,71920,Error test
0.00499519996506341,71940,Error train
0.007647675264663118,71940,Error test
0.004995700621443445,71960,Error train
0.007631195069979345,71960,Error test
0.005906047186055711,71980,Error train
0.008765083931406776,71980,Error test
0.005007637533099625,72000,Error train
0.007611147494696018,72000,Error test
0.005051054292416525,72020,Error train
0.007718373423477747,72020,Error test
0.005720183933523953,72040,Error train
0.008123445733204497,72040,Error test
0.00514974285409459,72060,Error train
0.007671385808071286,72060,Error test
0.00506760154301824,72080,Error train
0.007612979404983119,72080,Error test
0.00508514541274253,72100,Error train
0.007619820274469095,72100,Error test
0.005447620086856744,72120,Error train
0.008137440516169199,72120,Error test
0.005287229333950202,72140,Error train
0.007753591045863212,72140,Error test
0.005516527530034709,72160,Error train
0.00827967161603111,72160,Error test
0.005751329832647732,72180,Error train
0.00814463652130402,72180,Error test
0.005674551911137128,72200,Error train
0.008087533412681511,72200,Error test
0.005060947554401764,72220,Error train
0.007615967563518871,72220,Error test
0.005710274970629496,72240,Error train
0.008131893426939337,72240,Error test
0.005605014997983684,72260,Error train
0.008042573706205858,72260,Error test
0.005017574933445816,72280,Error train
0.0076205796603771815,72280,Error test
0.0050516895754822355,72300,Error train
0.007617529595542198,72300,Error test
0.006019623209888285,72320,Error train
0.008401913116509787,72320,Error test
0.005158425817736174,72340,Error train
0.007903287695938633,72340,Error test
0.005032824477987959,72360,Error train
0.007701799824128827,72360,Error test
0.005205142092759292,72380,Error train
0.007926674726475859,72380,Error test
0.006990300597554032,72400,Error train
0.009912977268943989,72400,Error test
0.006709857257028417,72420,Error train
0.009629568686084625,72420,Error test
0.005194893063721676,72440,Error train
0.007945335641100025,72440,Error test
0.005130345973397666,72460,Error train
0.007867153302808207,72460,Error test
0.00594138803827943,72480,Error train
0.008814230757124323,72480,Error test
0.005799496793069103,72500,Error train
0.008207462328470068,72500,Error test
0.005147905470777877,72520,Error train
0.007875720926047429,72520,Error test
0.00542862595984422,72540,Error train
0.008189904963438879,72540,Error test
0.00502536678423684,72560,Error train
0.007658821758090303,72560,Error test
0.005285786601869861,72580,Error train
0.00801420389370455,72580,Error test
0.00558940215937886,72600,Error train
0.008357872769709517,72600,Error test
0.005381690339304134,72620,Error train
0.007841758831574598,72620,Error test
0.005234441583331192,72640,Error train
0.007723383836229775,72640,Error test
0.005165155864309991,72660,Error train
0.007681534073866842,72660,Error test
0.005023893490466827,72680,Error train
0.0076666566985045355,72680,Error test
0.005393963355896199,72700,Error train
0.008132893408130254,72700,Error test
0.0059216594868412055,72720,Error train
0.008730762270287361,72720,Error test
0.0068254761339899455,72740,Error train
0.009106774369355418,72740,Error test
0.006761624435718351,72760,Error train
0.00903355110651338,72760,Error test
0.005060387019624123,72780,Error train
0.007656342958783995,72780,Error test
0.005863783580117411,72800,Error train
0.008223945971720673,72800,Error test
0.005041499517136673,72820,Error train
0.007639945702616979,72820,Error test
0.005353396804417637,72840,Error train
0.008056880759577568,72840,Error test
0.005680765728391162,72860,Error train
0.008093905351560345,72860,Error test
0.0050616535632479745,72880,Error train
0.007745393644200258,72880,Error test
0.006646055975773349,72900,Error train
0.009543854468604791,72900,Error test
0.005139389865252504,72920,Error train
0.007666075202790858,72920,Error test
0.005043136712944639,72940,Error train
0.007611379040911128,72940,Error test
0.005091609864855334,72960,Error train
0.007629025865045705,72960,Error test
0.005591068088963998,72980,Error train
0.008378671356326736,72980,Error test
0.005352736112091607,73000,Error train
0.007823010066073567,73000,Error test
0.005044983452273509,73020,Error train
0.007607282201713539,73020,Error test
0.005864643607251804,73040,Error train
0.008233208813101713,73040,Error test
0.007074745359566909,73060,Error train
0.009310836656865438,73060,Error test
0.0050397553967436734,73080,Error train
0.007682432346323855,73080,Error test
0.00507558855026717,73100,Error train
0.007605575198873642,73100,Error test
0.0052793058099595966,73120,Error train
0.007745792076932164,73120,Error test
0.005016967405360663,73140,Error train
0.007665980142139312,73140,Error test
0.005415950421869258,73160,Error train
0.007863046726955527,73160,Error test
0.005068111622937583,73180,Error train
0.007687628707782829,73180,Error test
0.005779410853650642,73200,Error train
0.008154886530780694,73200,Error test
0.0058269815688271305,73220,Error train
0.008201757542673474,73220,Error test
0.005030560434390435,73240,Error train
0.007663297757841586,73240,Error test
0.004996730371496818,73260,Error train
0.0075913121894029024,73260,Error test
0.005575907369954254,73280,Error train
0.008383819406057008,73280,Error test
0.00499015229753908,73300,Error train
0.007591174159306424,73300,Error test
0.005650672440734271,73320,Error train
0.008082645741580092,73320,Error test
0.005184891715713812,73340,Error train
0.007699759959860845,73340,Error test
0.005002824927171489,73360,Error train
0.007614071836837387,73360,Error test
0.005517834553924932,73380,Error train
0.007930754660423403,73380,Error test
0.005990015317568603,73400,Error train
0.008335227196527097,73400,Error test
0.005256151176765186,73420,Error train
0.008010476267679471,73420,Error test
0.005670577663160094,73440,Error train
0.008097035335616898,73440,Error test
0.005498168153904391,73460,Error train
0.007952713144970739,73460,Error test
0.005004877568865385,73480,Error train
0.007681421278728332,73480,Error test
0.005760488122910347,73500,Error train
0.008165118439133123,73500,Error test
0.004977863047380715,73520,Error train
0.007619316790182486,73520,Error test
0.004981836878027762,73540,Error train
0.007590615457505094,73540,Error test
0.0061770290123728455,73560,Error train
0.008541592194693259,73560,Error test
0.0051247157078657376,73580,Error train
0.00767659239323895,73580,Error test
0.0051890912766431735,73600,Error train
0.007714862879810242,73600,Error test
0.004984975574076082,73620,Error train
0.007591322844991661,73620,Error test
0.005336344773084555,73640,Error train
0.007822316877740276,73640,Error test
0.0050868491963594305,73660,Error train
0.00763097536873725,73660,Error test
0.006047354032692858,73680,Error train
0.008885925900004768,73680,Error test
0.004989778577504571,73700,Error train
0.0076162638202550426,73700,Error test
0.005042179011331573,73720,Error train
0.0077342445993581815,73720,Error test
0.006031965008496775,73740,Error train
0.008398186596309153,73740,Error test
0.0050411669817173035,73760,Error train
0.007616098833828337,73760,Error test
0.00495035999294005,73780,Error train
0.00761602711351153,73780,Error test
0.005226051353881855,73800,Error train
0.007968051254551974,73800,Error test
0.005584710130923943,73820,Error train
0.008408547120366455,73820,Error test
0.0052169269706365306,73840,Error train
0.00796808205738781,73840,Error test
0.005047643031538225,73860,Error train
0.007739772952062743,73860,Error test
0.00590610806302229,73880,Error train
0.00829030779436244,73880,Error test
0.005041185431366721,73900,Error train
0.007708606642113471,73900,Error test
0.006231562337171048,73920,Error train
0.009116960939583713,73920,Error test
0.005272084230483086,73940,Error train
0.007762054509364457,73940,Error test
0.0054884818660659055,73960,Error train
0.007932217726670502,73960,Error test
0.006867550830052543,73980,Error train
0.009788840240655359,73980,Error test
0.005271209479596809,74000,Error train
0.007751929172883093,74000,Error test
0.005779891412980693,74020,Error train
0.0081624992106427,74020,Error test
0.005961875570118867,74040,Error train
0.008778142834971967,74040,Error test
0.0063999148024528225,74060,Error train
0.008712609566185161,74060,Error test
0.005244496338484042,74080,Error train
0.007724733321043235,74080,Error test
0.0053898110984274055,74100,Error train
0.007840309904432788,74100,Error test
0.00508921958267825,74120,Error train
0.00760954977789461,74120,Error test
0.0050440284842262996,74140,Error train
0.007646456886869303,74140,Error test
0.0051120389634650406,74160,Error train
0.0077964470690211245,74160,Error test
0.005121711925664919,74180,Error train
0.0077976334446325755,74180,Error test
0.00511892764948574,74200,Error train
0.007786536456254078,74200,Error test
0.005439719488574424,74220,Error train
0.008169798669921772,74220,Error test
0.005451634068531653,74240,Error train
0.00787938764927274,74240,Error test
0.006395590027576841,74260,Error train
0.00922369080107004,74260,Error test
0.005040741295655154,74280,Error train
0.007596314012597084,74280,Error test
0.005180092838354195,74300,Error train
0.007658641647439664,74300,Error test
0.005372825703996743,74320,Error train
0.007800336223332505,74320,Error test
0.005163492098697852,74340,Error train
0.007798134865745294,74340,Error test
0.005158143165017799,74360,Error train
0.007647652529158217,74360,Error test
0.0052211470885487705,74380,Error train
0.007722715277405712,74380,Error test
0.004994516508307684,74400,Error train
0.007618033871840132,74400,Error test
0.0052557826461505,74420,Error train
0.007999812289543275,74420,Error test
0.0061613317092329015,74440,Error train
0.009030876793336116,74440,Error test
0.005253976564072308,74460,Error train
0.007739492136820214,74460,Error test
0.005324740196406001,74480,Error train
0.008091623830210374,74480,Error test
0.006176800750595178,74500,Error train
0.009056774402592447,74500,Error test
0.006577946044977137,74520,Error train
0.008881396775231653,74520,Error test
0.005306429162095191,74540,Error train
0.007783444677945038,74540,Error test
0.005001783574435216,74560,Error train
0.0076028668288035525,74560,Error test
0.005564786714293529,74580,Error train
0.008007093033435395,74580,Error test
0.005432047766658126,74600,Error train
0.007894573728152018,74600,Error test
0.0053111246163259065,74620,Error train
0.008043341075051558,74620,Error test
0.005014320357422271,74640,Error train
0.0075911270121556,74640,Error test
0.004990528119828262,74660,Error train
0.007593628646971758,74660,Error test
0.005273735029717039,74680,Error train
0.0080564942537097,74680,Error test
0.004999523959871716,74700,Error train
0.0075967750118387765,74700,Error test
0.0055465013607286515,74720,Error train
0.008021754352723096,74720,Error test
0.005679256571177623,74740,Error train
0.00849590416951881,74740,Error test
0.0049947741191283205,74760,Error train
0.00765957275600645,74760,Error test
0.00543706535807267,74780,Error train
0.007895286089835989,74780,Error test
0.005221988085238325,74800,Error train
0.007966523331993621,74800,Error test
0.004966865884788839,74820,Error train
0.007613532141571233,74820,Error test
0.005188175277917059,74840,Error train
0.007903237981479166,74840,Error test
0.006413665698793214,74860,Error train
0.008729560171716095,74860,Error test
0.005275050759493604,74880,Error train
0.007969826289049345,74880,Error test
0.005952921877678761,74900,Error train
0.008317032054440699,74900,Error test
0.006996820859124809,74920,Error train
0.009928708734665096,74920,Error test
0.005401745784752066,74940,Error train
0.007863416042447129,74940,Error test
0.005353366195367689,74960,Error train
0.008126110355838968,74960,Error test
0.006661719284905302,74980,Error train
0.009589165040065397,74980,Error test
0.005238271789287447,75000,Error train
0.00793723193837802,75000,Error test
0.005033647324833107,75020,Error train
0.007594854241598835,75020,Error test
0.005023072611747128,75040,Error train
0.007589816002844234,75040,Error test
0.00502809513532263,75060,Error train
0.0076521127523931426,75060,Error test
0.0056432756156948646,75080,Error train
0.008029426411609973,75080,Error test
0.00505472762979823,75100,Error train
0.007591917179472212,75100,Error test
0.005000822707449041,75120,Error train
0.007601792403666106,75120,Error test
0.005020350817859427,75140,Error train
0.00758793544971811,75140,Error test
0.005024435168444503,75160,Error train
0.007658993095440097,75160,Error test
0.005667016089831047,75180,Error train
0.008080298727511254,75180,Error test
0.0050213850826909155,75200,Error train
0.007587073560966575,75200,Error test
0.005474121661555728,75220,Error train
0.007916146420767184,75220,Error test
0.005216527503523995,75240,Error train
0.007689707405446482,75240,Error test
0.005317702015618335,75260,Error train
0.007766094585483867,75260,Error test
0.007232796259377418,75280,Error train
0.00945012266555865,75280,Error test
0.005059151240355652,75300,Error train
0.007602591997218901,75300,Error test
0.004975305573506175,75320,Error train
0.00759195860870499,75320,Error test
0.005986380667073111,75340,Error train
0.008366751009220283,75340,Error test
0.0053297220618660325,75360,Error train
0.007816918674758158,75360,Error test
0.005106690865635298,75380,Error train
0.007644031743567593,75380,Error test
0.005041178887522386,75400,Error train
0.007735619178636346,75400,Error test
0.005357420173291306,75420,Error train
0.007833614800468826,75420,Error test
0.005576475684392331,75440,Error train
0.008351196845119249,75440,Error test
0.005574199280390026,75460,Error train
0.007995158341598923,75460,Error test
0.005017988478348223,75480,Error train
0.007589259555280635,75480,Error test
0.005200809357172049,75500,Error train
0.007920486966158078,75500,Error test
0.005093773294825346,75520,Error train
0.007636236735803685,75520,Error test
0.00499383593388667,75540,Error train
0.007588076528132154,75540,Error test
0.005056282455978869,75560,Error train
0.007741132070068508,75560,Error test
0.005267357159911537,75580,Error train
0.007762053562624348,75580,Error test
0.005186551037505263,75600,Error train
0.007705277980191464,75600,Error test
0.005037288269023367,75620,Error train
0.007721252388483865,75620,Error test
0.00515240750462096,75640,Error train
0.007903294372366079,75640,Error test
0.005286217751853261,75660,Error train
0.008094504950985683,75660,Error test
0.0053202623116136005,75680,Error train
0.00782241773321614,75680,Error test
0.0049897402447067925,75700,Error train
0.007600302340707971,75700,Error test
0.005611982369774622,75720,Error train
0.008449316386556271,75720,Error test
0.005052988721472903,75740,Error train
0.007617944821621145,75740,Error test
0.004966059338172581,75760,Error train
0.0076403608681971736,75760,Error test
0.006357833302531399,75780,Error train
0.008695454335383946,75780,Error test
0.005773099970858048,75800,Error train
0.008618966471447654,75800,Error test
0.005703850852351756,75820,Error train
0.008129772252014635,75820,Error test
0.0049862590216221084,75840,Error train
0.007584132731915645,75840,Error test
0.005131557095920142,75860,Error train
0.0076531158486462855,75860,Error test
0.005090125984260419,75880,Error train
0.007638408267833994,75880,Error test
0.0051971255719726415,75900,Error train
0.007703928705914182,75900,Error test
0.0049833744994955175,75920,Error train
0.007612767539414674,75920,Error test
0.005000340977772376,75940,Error train
0.007616433699846136,75940,Error test
0.006059188268007203,75960,Error train
0.008400754573913621,75960,Error test
0.005105305579584928,75980,Error train
0.007624860953498189,75980,Error test
0.005066540911054004,76000,Error train
0.0075988214685789954,76000,Error test
0.005399105550243757,76020,Error train
0.008116810786124475,76020,Error test
0.005287008533720411,76040,Error train
0.008002825564169898,76040,Error test
0.005287702382336376,76060,Error train
0.008007622477097695,76060,Error test
0.005031711761383222,76080,Error train
0.007701281770146167,76080,Error test
0.00498047123868629,76100,Error train
0.007609913022886591,76100,Error test
0.004984775950049275,76120,Error train
0.007579353226996383,76120,Error test
0.005208019182865704,76140,Error train
0.00794682849452233,76140,Error test
0.005671265631175501,76160,Error train
0.008444740345931142,76160,Error test
0.00502831042047747,76180,Error train
0.007585239332337656,76180,Error test
0.005361863695056811,76200,Error train
0.007818619906706268,76200,Error test
0.005186584944037982,76220,Error train
0.007681642230902631,76220,Error test
0.005005226753190559,76240,Error train
0.0076021236184836295,76240,Error test
0.006955927558374904,76260,Error train
0.009869921089602161,76260,Error test
0.004980411064856225,76280,Error train
0.007600117272950922,76280,Error test
0.005159318120556955,76300,Error train
0.007868469565192137,76300,Error test
0.0049943633542945615,76320,Error train
0.007582211537647549,76320,Error test
0.005377263495700125,76340,Error train
0.00813930358973834,76340,Error test
0.00555929197284309,76360,Error train
0.007996281492818742,76360,Error test
0.005748341709868573,76380,Error train
0.008164010342463529,76380,Error test
0.00513352542624377,76400,Error train
0.007659719815250066,76400,Error test
0.0049819362557914845,76420,Error train
0.007579126989745122,76420,Error test
0.005706990614259964,76440,Error train
0.008131514198804831,76440,Error test
0.005499558923309987,76460,Error train
0.007949046724821827,76460,Error test
0.005145457019792583,76480,Error train
0.007857369491206658,76480,Error test
0.00839599973514317,76500,Error train
0.011425402164478802,76500,Error test
0.004983092867292602,76520,Error train
0.007606459543969922,76520,Error test
0.0068008319226421565,76540,Error train
0.009711128418745744,76540,Error test
0.005007372869243103,76560,Error train
0.00758020855389422,76560,Error test
0.005490213983037268,76580,Error train
0.00793295083468482,76580,Error test
0.005017218954280793,76600,Error train
0.007585902516370427,76600,Error test
0.0050130488308591115,76620,Error train
0.007711957462704143,76620,Error test
0.004966014912273186,76640,Error train
0.007576619717897622,76640,Error test
0.006048538788568164,76660,Error train
0.008921583452571746,76660,Error test
0.005240386224116647,76680,Error train
0.0077457068643703745,76680,Error test
0.005827697846502195,76700,Error train
0.008229721296841765,76700,Error test
0.005068297252230145,76720,Error train
0.007628963917504879,76720,Error test
0.005106641120900028,76740,Error train
0.007861815330532628,76740,Error test
0.004952424808260175,76760,Error train
0.007600498139908838,76760,Error test
0.004974294253206064,76780,Error train
0.007576258769452245,76780,Error test
0.004973776011598024,76800,Error train
0.007666555119140865,76800,Error test
0.0051051466375638625,76820,Error train
0.007828576136291236,76820,Error test
0.007057715908447167,76840,Error train
0.009314181827888809,76840,Error test
0.005378982350537482,76860,Error train
0.00784487599211001,76860,Error test
0.005053366305832005,76880,Error train
0.0076019903745795,76880,Error test
0.005083010422575248,76900,Error train
0.007755713087421171,76900,Error test
0.005082159395668593,76920,Error train
0.007760727417971869,76920,Error test
0.00508995939699175,76940,Error train
0.007633145863919411,76940,Error test
0.004973225927759787,76960,Error train
0.007587232872819909,76960,Error test
0.005074766722012333,76980,Error train
0.007601310241370054,76980,Error test
0.0051162956577352516,77000,Error train
0.007611424842402566,77000,Error test
0.005887100731619105,77020,Error train
0.00868879886708434,77020,Error test
0.005086154066424826,77040,Error train
0.007739002261027054,77040,Error test
0.005008375787556956,77060,Error train
0.007597904149956544,77060,Error test
0.0055679848649193165,77080,Error train
0.008316366717879924,77080,Error test
0.008000351642866872,77100,Error train
0.010941211673486283,77100,Error test
0.005482454728538342,77120,Error train
0.00792070463535425,77120,Error test
0.005141126899316978,77140,Error train
0.007854116646074659,77140,Error test
0.005040076789012624,77160,Error train
0.007592676941119092,77160,Error test
0.005979516426411608,77180,Error train
0.008811904867101815,77180,Error test
0.005154154356022674,77200,Error train
0.007649417342056252,77200,Error test
0.005897293045288509,77220,Error train
0.008676882409317988,77220,Error test
0.008932488073928655,77240,Error train
0.011901637567825842,77240,Error test
0.005948061875311856,77260,Error train
0.008699592494227238,77260,Error test
0.005042183705145118,77280,Error train
0.007583774738999644,77280,Error test
0.00507349986869225,77300,Error train
0.0076741128708166465,77300,Error test
0.006747463673430646,77320,Error train
0.009615843795163436,77320,Error test
0.00499963052057736,77340,Error train
0.0075804345195687696,77340,Error test
0.005347084747353994,77360,Error train
0.007833797487187004,77360,Error test
0.006359081512397736,77380,Error train
0.008705190144812091,77380,Error test
0.00501670012683687,77400,Error train
0.00771377026124454,77400,Error test
0.005630724716935311,77420,Error train
0.008469876138318727,77420,Error test
0.005363139152121805,77440,Error train
0.008136041793490463,77440,Error test
0.005083386074824559,77460,Error train
0.007616646203099726,77460,Error test
0.006176986483845818,77480,Error train
0.008530663408319596,77480,Error test
0.005253770173083841,77500,Error train
0.007989116386369993,77500,Error test
0.005560659458785551,77520,Error train
0.007990320310223323,77520,Error test
0.006110954965079151,77540,Error train
0.008449425842922912,77540,Error test
0.005696955387848227,77560,Error train
0.00851762009206397,77560,Error test
0.0049907684134877246,77580,Error train
0.007610994258152207,77580,Error test
0.005014032230444022,77600,Error train
0.00758077551890595,77600,Error test
0.005037614665819159,77620,Error train
0.007591429040393896,77620,Error test
0.005396160158853372,77640,Error train
0.00785502963773121,77640,Error test
0.004990826985580739,77660,Error train
0.007574755146613301,77660,Error test
0.0052039359297229035,77680,Error train
0.007703468596938359,77680,Error test
0.0049826568422348385,77700,Error train
0.0076065385240591055,77700,Error test
0.0049723307370791725,77720,Error train
0.007579794667721225,77720,Error test
0.006421660925224518,77740,Error train
0.009314632515338194,77740,Error test
0.005371499139015032,77760,Error train
0.008120773491383198,77760,Error test
0.005371408263890765,77780,Error train
0.008107682222371978,77780,Error test
0.005016502060002021,77800,Error train
0.007578260850904477,77800,Error test
0.004999831568095531,77820,Error train
0.007627859757437586,77820,Error test
0.005049458710623613,77840,Error train
0.007668305661838919,77840,Error test
0.004978046447536841,77860,Error train
0.007605303204019519,77860,Error test
0.00494322117671944,77880,Error train
0.007619094380202154,77880,Error test
0.004997345729863101,77900,Error train
0.007580769626129798,77900,Error test
0.005411874695400708,77920,Error train
0.007875717420011995,77920,Error test
0.005388076231551233,77940,Error train
0.007859860080634194,77940,Error test
0.005003367314918377,77960,Error train
0.007576398397580379,77960,Error test
0.0050217869851259525,77980,Error train
0.0075853696286677695,77980,Error test
0.004977166409959649,78000,Error train
0.007576723548344246,78000,Error test
0.00521914060904105,78020,Error train
0.00794219319530918,78020,Error test
0.006431149681214085,78040,Error train
0.008750125208616065,78040,Error test
0.005087908668742307,78060,Error train
0.007782261085089097,78060,Error test
0.005006354392589305,78080,Error train
0.007674365786618827,78080,Error test
0.00537276600599907,78100,Error train
0.008107654233564084,78100,Error test
0.006126467617779616,78120,Error train
0.00895031754415319,78120,Error test
0.005378976509630262,78140,Error train
0.008113844074552406,78140,Error test
0.0063756815456989385,78160,Error train
0.008711115582885643,78160,Error test
0.005376023040790922,78180,Error train
0.00782373999667938,78180,Error test
0.005983483211773889,78200,Error train
0.008348503505648544,78200,Error test
0.0051172781311748,78220,Error train
0.007633849867544848,78220,Error test
0.005452398604751323,78240,Error train
0.007903541599741631,78240,Error test
0.006748396824608624,78260,Error train
0.009035135661488926,78260,Error test
0.005558230514584267,78280,Error train
0.007998163728693056,78280,Error test
0.005387180212007076,78300,Error train
0.008165919776908075,78300,Error test
0.005019986238866111,78320,Error train
0.007709436839980256,78320,Error test
0.00498681677059414,78340,Error train
0.007569468217231706,78340,Error test
0.005087210511194473,78360,Error train
0.007630847276774036,78360,Error test
0.005347909109105043,78380,Error train
0.008104334086418582,78380,Error test
0.004976559805821107,78400,Error train
0.007574859995724253,78400,Error test
0.00497722981334009,78420,Error train
0.00762731794446717,78420,Error test
0.005064277803460482,78440,Error train
0.007590633683366464,78440,Error test
0.00518996283378648,78460,Error train
0.007671864572172815,78460,Error test
0.005156478129282823,78480,Error train
0.007856080159456534,78480,Error test
0.00500043244518999,78500,Error train
0.0076719971431346385,78500,Error test
0.0049983659946141595,78520,Error train
0.007670614058902009,78520,Error test
0.005075489619115452,78540,Error train
0.00762307173194266,78540,Error test
0.005393311128459695,78560,Error train
0.007863684912956604,78560,Error test
0.004972378922939012,78580,Error train
0.007564872153976548,78580,Error test
0.00496386176227375,78600,Error train
0.007565478286819331,78600,Error test
0.005051693741099466,78620,Error train
0.007754854357733224,78620,Error test
0.004943292305863482,78640,Error train
0.007590250371238984,78640,Error test
0.0063355678510911805,78660,Error train
0.008682519903680554,78660,Error test
0.005205617377033417,78680,Error train
0.007702820657065853,78680,Error test
0.0050243095232533385,78700,Error train
0.007652670276780005,78700,Error test
0.005284447300240505,78720,Error train
0.00775691874717747,78720,Error test
0.006117865421411375,78740,Error train
0.008950153522816905,78740,Error test
0.005360133424206748,78760,Error train
0.007818591505800316,78760,Error test
0.0050346339161881195,78780,Error train
0.007587097502687929,78780,Error test
0.005541809779700175,78800,Error train
0.007976749789370768,78800,Error test
0.005137107351883405,78820,Error train
0.00766735228591723,78820,Error test
0.006527908269313155,78840,Error train
0.009451371517514314,78840,Error test
0.004972280259879284,78860,Error train
0.007620272135239471,78860,Error test
0.004954837560250649,78880,Error train
0.007566286987513852,78880,Error test
0.007419193337027517,78900,Error train
0.00966380519558471,78900,Error test
0.005344496179261896,78920,Error train
0.007823298462423496,78920,Error test
0.005000435659295134,78940,Error train
0.007650121578518042,78940,Error test
0.004980353924645455,78960,Error train
0.00760390925072989,78960,Error test
0.005050002655425164,78980,Error train
0.0075985349756123345,78980,Error test
0.0060884662365539395,79000,Error train
0.008459025273559741,79000,Error test
0.005702729491508449,79020,Error train
0.00812958127470313,79020,Error test
0.0050582577439015255,79040,Error train
0.007609631722148063,79040,Error test
0.004966542578103132,79060,Error train
0.00756493808174767,79060,Error test
0.00612738030098123,79080,Error train
0.008988355874932111,79080,Error test
0.005048311100986507,79100,Error train
0.007587640283241405,79100,Error test
0.005427726328807217,79120,Error train
0.008213055652993687,79120,Error test
0.005806344380945627,79140,Error train
0.008627012345571118,79140,Error test
0.005297606166781073,79160,Error train
0.008053053757650632,79160,Error test
0.0050883999830711926,79180,Error train
0.007615127395444513,79180,Error test
0.005145521111072781,79200,Error train
0.007824390780752338,79200,Error test
0.005053937207521892,79220,Error train
0.007594655503278951,79220,Error test
0.005010952178603998,79240,Error train
0.007676415894327492,79240,Error test
0.005330519659282789,79260,Error train
0.00780049108515145,79260,Error test
0.00559711922724141,79280,Error train
0.008022496263448824,79280,Error test
0.0059188315777973345,79300,Error train
0.008289610073593644,79300,Error test
0.005279012423476371,79320,Error train
0.007757303341138375,79320,Error test
0.004997252860146484,79340,Error train
0.007568551110558862,79340,Error test
0.006655860912028363,79360,Error train
0.008943994790811685,79360,Error test
0.005188457055448248,79380,Error train
0.007688483644477351,79380,Error test
0.0064036178439979205,79400,Error train
0.008722466583957927,79400,Error test
0.005259831616180823,79420,Error train
0.007749055499297421,79420,Error test
0.007358984522592083,79440,Error train
0.00959872847612149,79440,Error test
0.00769797976229922,79460,Error train
0.010677384503502863,79460,Error test
0.005936125837615336,79480,Error train
0.008310182401386824,79480,Error test
0.005393559103733853,79500,Error train
0.00785260253551068,79500,Error test
0.0051423135206308665,79520,Error train
0.00764780775296771,79520,Error test
0.0049867396440090965,79540,Error train
0.007566912661473252,79540,Error test
0.005699255953439444,79560,Error train
0.008115036684454395,79560,Error test
0.005208354234129478,79580,Error train
0.00791859984099657,79580,Error test
0.0062684642844181016,79600,Error train
0.009117318604986309,79600,Error test
0.005023120792300358,79620,Error train
0.007663670171324536,79620,Error test
0.005364977745708974,79640,Error train
0.007828711207173135,79640,Error test
0.005097371755238234,79660,Error train
0.007614255061589634,79660,Error test
0.007266719823876469,79680,Error train
0.009507878933850399,79680,Error test
0.005038577760830053,79700,Error train
0.007658496555111732,79700,Error test
0.005023827418907791,79720,Error train
0.007637180681680783,79720,Error test
0.005027579979965829,79740,Error train
0.007572530569034385,79740,Error test
0.005451850986096298,79760,Error train
0.007874044996292042,79760,Error test
0.005360269175684747,79780,Error train
0.00808796801526947,79780,Error test
0.005802451221565172,79800,Error train
0.008195851084658676,79800,Error test
0.005108820721396062,79820,Error train
0.007808714337473909,79820,Error test
0.0060330509047346,79840,Error train
0.008410304613875982,79840,Error test
0.00602147167170062,79860,Error train
0.008397254582703169,79860,Error test
0.005186612940207999,79880,Error train
0.007698845708246929,79880,Error test
0.005440150794910499,79900,Error train
0.007914452362701186,79900,Error test
0.005040271426320997,79920,Error train
0.00760866138567255,79920,Error test
0.004926618078699257,79940,Error train
0.0075717803633602275,79940,Error test
0.0050362380248131266,79960,Error train
0.007603376357881,79960,Error test
0.004948997436726156,79980,Error train
0.007601713805728494,79980,Error test
